Rk,Score,PtsW,PtsL,PtTot,PD,Count,,Last Game
1,20-17,20,17,37,3,252,all games,Cleveland Browns vs. San Diego Chargers December 24 2016
2,17-14,17,14,31,3,193,all games,Tampa Bay Buccaneers vs. Carolina Panthers October 10 2016
3,27-24,27,24,51,3,192,all games,Pittsburgh Steelers vs. Cleveland Browns January 1 2017
4,23-20,23,20,43,3,176,all games,Carolina Panthers vs. New Orleans Saints November 17 2016
5,13-10,13,10,23,3,161,all games,Tennessee Titans vs. Denver Broncos December 11 2016
6,24-17,24,17,41,7,156,all games,Tennessee Titans vs. Houston Texans January 1 2017
7,24-21,24,21,45,3,143,all games,Houston Texans vs. Jacksonville Jaguars November 13 2016
8,24-14,24,14,38,10,137,all games,Pittsburgh Steelers vs. New York Giants December 4 2016
9,17-10,17,10,27,7,135,all games,New York Giants vs. Los Angeles Rams October 23 2016
10,16-13,16,13,29,3,135,all games,Detroit Lions vs. Minnesota Vikings November 24 2016
11,24-10,24,10,34,14,115,all games,Minnesota Vikings vs. New York Giants October 3 2016
12,20-10,20,10,30,10,113,all games,Denver Broncos vs. Jacksonville Jaguars December 4 2016
13,23-17,23,17,40,6,109,all games,New York Jets vs. San Francisco 49ers December 11 2016
14,24-20,24,20,44,4,107,all games,Indianapolis Colts vs. Jacksonville Jaguars January 1 2017
15,17-7,17,7,24,10,106,all games,Seattle Seahawks vs. San Francisco 49ers December 14 2014
16,27-20,27,20,47,7,106,all games,Pittsburgh Steelers vs. Buffalo Bills December 11 2016
17,17-13,17,13,30,4,104,all games,Los Angeles Rams vs. Arizona Cardinals October 2 2016
18,27-17,27,17,44,10,102,all games,Dallas Cowboys vs. Baltimore Ravens November 20 2016
19,20-13,20,13,33,7,102,all games,Houston Texans vs. Detroit Lions October 30 2016
20,21-17,21,17,38,4,98,all games,Indianapolis Colts vs. Oakland Raiders September 8 2013
21,21-14,21,14,35,7,93,all games,Baltimore Ravens vs. Pittsburgh Steelers November 6 2016
22,7-0,7,0,7,7,93,all games,New England Patriots vs. New Orleans Saints December 4 1983
23,27-10,27,10,37,17,93,all games,Cincinnati Bengals vs. Baltimore Ravens January 1 2017
24,27-7,27,7,34,20,93,all games,Denver Broncos vs. Tampa Bay Buccaneers October 2 2016
25,20-14,20,14,34,6,91,all games,Washington Redskins vs. New York Giants November 29 2015
26,31-17,31,17,48,14,89,all games,Cincinnati Bengals vs. Cleveland Browns October 23 2016
27,27-21,27,21,48,6,88,all games,Tennessee Titans vs. Chicago Bears November 27 2016
28,31-14,31,14,45,17,88,all games,Minnesota Vikings vs. San Diego Chargers September 27 2015
29,20-7,20,7,27,13,87,all games,New York Jets vs. Indianapolis Colts September 21 2015
30,14-10,14,10,24,4,87,all games,Miami Dolphins vs. Los Angeles Rams November 20 2016
31,14-7,14,7,21,7,85,all games,New York Giants vs. Green Bay Packers October 3 2004
32,10-7,10,7,17,3,83,all games,New York Giants vs. Dallas Cowboys December 11 2016
33,28-7,28,7,35,21,82,all games,Pittsburgh Steelers vs. Indianapolis Colts November 24 2016
34,21-7,21,7,28,14,81,all games,Baltimore Ravens vs. Tennessee Titans November 9 2014
35,24-7,24,7,31,17,79,all games,Carolina Panthers vs. Detroit Lions September 14 2014
36,27-14,27,14,41,13,79,all games,Houston Texans vs. Oakland Raiders January 7 2017
37,31-7,31,7,38,24,78,all games,Cincinnati Bengals vs. St. Louis Rams November 29 2015
38,6-0,6,0,6,6,77,all games,New York Jets vs. Pittsburgh Steelers December 14 2003
39,14-0,14,0,14,14,77,all games,Cincinnati Bengals vs. Cleveland Browns December 21 2008
40,30-27,30,27,57,3,77,all games,Green Bay Packers vs. Chicago Bears December 18 2016
41,31-24,31,24,55,7,75,all games,Green Bay Packers vs. Detroit Lions January 1 2017
42,13-7,13,7,20,6,75,all games,Baltimore Ravens vs. Buffalo Bills September 11 2016
43,31-28,31,28,59,3,75,all games,New York Jets vs. Cleveland Browns October 30 2016
44,0-0,0,0,0,0,73,all games,Detroit Lions vs. New York Giants November 7 1943
45,28-21,28,21,49,7,72,all games,Tampa Bay Buccaneers vs. San Diego Chargers December 4 2016
46,24-23,24,23,47,1,72,all games,Detroit Lions vs. Philadelphia Eagles October 9 2016
47,16-10,16,10,26,6,71,all games,Washington Redskins vs. Baltimore Ravens October 9 2016
48,17-16,17,16,33,1,71,all games,Tampa Bay Buccaneers vs. Carolina Panthers January 1 2017
49,31-21,31,21,52,10,70,all games,New Orleans Saints vs. Atlanta Falcons October 15 2015
50,28-24,28,24,52,4,69,all games,Cincinnati Bengals vs. Baltimore Ravens September 27 2015
51,31-10,31,10,41,21,68,all games,Cincinnati Bengals vs. Cleveland Browns November 5 2015
52,24-13,24,13,37,11,67,all games,Indianapolis Colts vs. Denver Broncos January 11 2015
53,21-20,21,20,41,1,67,all games,Houston Texans vs. Jacksonville Jaguars December 18 2016
54,20-0,20,0,20,20,67,all games,Houston Texans vs. Tennessee Titans November 28 2010
55,21-0,21,0,21,21,66,all games,Tampa Bay Buccaneers vs. San Francisco 49ers November 21 2010
56,23-7,23,7,30,16,65,all games,Houston Texans vs. Cleveland Browns November 16 2014
57,21-10,21,10,31,11,64,all games,Philadelphia Eagles vs. Minnesota Vikings October 23 2016
58,27-0,27,0,27,27,64,all games,New England Patriots vs. Houston Texans September 22 2016
59,17-6,17,6,23,11,64,all games,New York Giants vs. Detroit Lions December 18 2016
60,27-13,27,13,40,14,64,all games,Philadelphia Eagles vs. Dallas Cowboys January 1 2017
61,13-0,13,0,13,13,64,all games,New England Patriots vs. Buffalo Bills December 28 2008
62,34-31,34,31,65,3,64,all games,Green Bay Packers vs. Dallas Cowboys January 15 2017
63,28-17,28,17,45,11,62,all games,Arizona Cardinals vs. Dallas Cowboys November 2 2014
64,10-0,10,0,10,10,61,all games,Chicago Bears vs. New York Jets November 19 2006
65,34-7,34,7,41,27,60,all games,Kansas City Chiefs vs. St. Louis Rams October 26 2014
66,3-0,3,0,3,3,59,all games,Pittsburgh Steelers vs. Miami Dolphins November 26 2007
67,24-0,24,0,24,24,59,all games,St. Louis Rams vs. Washington Redskins December 7 2014
68,10-6,10,6,16,4,59,all games,Houston Texans vs. Cincinnati Bengals November 16 2015
69,17-3,17,3,20,14,59,all games,Denver Broncos vs. San Diego Chargers December 6 2015
70,28-14,28,14,42,14,59,all games,Dallas Cowboys vs. Cincinnati Bengals October 9 2016
71,23-10,23,10,33,13,59,all games,Cincinnati Bengals vs. Cleveland Browns December 11 2016
72,24-3,24,3,27,21,58,all games,Seattle Seahawks vs. Los Angeles Rams December 15 2016
73,16-14,16,14,30,2,58,all games,Detroit Lions vs. Minnesota Vikings December 14 2014
74,20-3,20,3,23,17,57,all games,Seattle Seahawks vs. San Francisco 49ers October 22 2015
75,14-13,14,13,27,1,57,all games,Buffalo Bills vs. Tennessee Titans October 11 2015
76,17-0,17,0,17,17,56,all games,Dallas Cowboys vs. Washington Redskins December 27 2009
77,7-6,7,6,13,1,56,all games,New York Jets vs. Arizona Cardinals December 2 2012
78,34-17,34,17,51,17,56,all games,Tampa Bay Buccaneers vs. San Francisco 49ers October 23 2016
79,34-14,34,14,48,20,55,all games,Kansas City Chiefs vs. Baltimore Ravens December 20 2015
80,34-24,34,24,58,10,55,all games,San Francisco 49ers vs. Atlanta Falcons December 23 2013
81,31-13,31,13,44,18,54,all games,Minnesota Vikings vs. Houston Texans October 9 2016
82,38-14,38,14,52,24,54,all games,San Diego Chargers vs. Jacksonville Jaguars September 18 2016
83,30-24,30,24,54,6,51,all games,Minnesota Vikings vs. Arizona Cardinals November 20 2016
84,23-21,23,21,44,2,51,all games,New England Patriots vs. Arizona Cardinals September 11 2016
85,20-16,20,16,36,4,50,all games,Detroit Lions vs. Miami Dolphins November 9 2014
86,13-6,13,6,19,7,50,all games,San Diego Chargers vs. Oakland Raiders November 16 2014
87,30-10,30,10,40,20,50,all games,New York Jets vs. Buffalo Bills January 1 2017
88,28-10,28,10,38,18,50,all games,New Orleans Saints vs. Carolina Panthers October 30 2014
89,20-6,20,6,26,14,50,all games,Houston Texans vs. Tennessee Titans November 1 2015
90,23-14,23,14,37,9,49,all games,Houston Texans vs. Chicago Bears September 11 2016
91,26-20,26,20,46,6,49,all games,Dallas Cowboys vs. Tampa Bay Buccaneers December 18 2016
92,14-6,14,6,20,8,49,all games,Arizona Cardinals vs. Detroit Lions November 16 2014
93,35-14,35,14,49,21,49,all games,New England Patriots vs. Miami Dolphins January 1 2017
94,31-27,31,27,58,4,49,all games,Pittsburgh Steelers vs. Baltimore Ravens December 25 2016
95,35-7,35,7,42,28,48,all games,Pittsburgh Steelers vs. Cincinnati Bengals December 4 2011
96,30-14,30,14,44,16,48,all games,Kansas City Chiefs vs. Indianapolis Colts October 30 2016
97,13-3,13,3,16,10,47,all games,Seattle Seahawks vs. New York Jets December 21 2008
98,23-13,23,13,36,10,47,all games,Kansas City Chiefs vs. Pittsburgh Steelers October 25 2015
99,19-17,19,17,36,2,47,all games,Tennessee Titans vs. Kansas City Chiefs December 18 2016
100,21-13,21,13,34,8,46,all games,Kansas City Chiefs vs. Oakland Raiders December 8 2016
101,34-27,34,27,61,7,46,all games,Green Bay Packers vs. Detroit Lions September 25 2016
102,16-0,16,0,16,16,46,all games,Buffalo Bills vs. New England Patriots October 2 2016
103,30-17,30,17,47,13,46,all games,New England Patriots vs. San Francisco 49ers November 20 2016
104,30-7,30,7,37,23,45,all games,New England Patriots vs. Minnesota Vikings September 14 2014
105,38-24,38,24,62,14,44,all games,Oakland Raiders vs. Buffalo Bills December 4 2016
106,31-0,31,0,31,31,44,all games,San Diego Chargers vs. New York Jets October 5 2014
107,34-0,34,0,34,34,44,all games,Atlanta Falcons vs. New York Giants December 16 2012
108,38-17,38,17,55,21,44,all games,Jacksonville Jaguars vs. Tennessee Titans December 24 2016
109,38-10,38,10,48,28,44,all games,Minnesota Vikings vs. Chicago Bears January 1 2017
110,10-3,10,3,13,7,43,all games,Kansas City Chiefs vs. San Diego Chargers December 13 2015
111,19-16,19,16,35,3,43,all games,Oakland Raiders vs. San Diego Chargers December 18 2016
112,19-13,19,13,32,6,43,all games,Arizona Cardinals vs. San Francisco 49ers November 29 2015
113,30-20,30,20,50,10,43,all games,Oakland Raiders vs. Denver Broncos November 6 2016
114,21-16,21,16,37,5,42,all games,Green Bay Packers vs. Philadelphia Eagles January 9 2011
115,35-17,35,17,52,18,42,all games,New England Patriots vs. Cincinnati Bengals October 16 2016
116,24-16,24,16,40,8,42,all games,New York Jets vs. Baltimore Ravens October 23 2016
117,16-7,16,7,23,9,42,all games,Cincinnati Bengals vs. Cleveland Browns November 29 2009
118,19-14,19,14,33,5,42,all games,Baltimore Ravens vs. Cincinnati Bengals November 27 2016
119,38-7,38,7,45,31,42,all games,Seattle Seahawks vs. Minnesota Vikings December 6 2015
120,28-0,28,0,28,28,42,all games,San Francisco 49ers vs. Los Angeles Rams September 12 2016
121,34-21,34,21,55,13,42,all games,Cincinnati Bengals vs. Buffalo Bills October 18 2015
122,27-23,27,23,50,4,42,all games,Miami Dolphins vs. New York Jets November 6 2016
123,34-20,34,20,54,14,42,all games,Denver Broncos vs. Indianapolis Colts September 18 2016
124,31-20,31,20,51,11,41,all games,Washington Redskins vs. Cleveland Browns October 2 2016
125,14-3,14,3,17,11,40,all games,Pittsburgh Steelers vs. Cleveland Browns December 8 2011
126,28-20,28,20,48,8,40,all games,Chicago Bears vs. San Francisco 49ers September 14 2014
127,26-10,26,10,36,16,40,all games,New England Patriots vs. Los Angeles Rams December 4 2016
128,27-3,27,3,30,24,40,all games,Arizona Cardinals vs. St. Louis Rams December 6 2015
129,23-0,23,0,23,23,39,all games,Seattle Seahawks vs. New York Giants December 15 2013
130,9-7,9,7,16,2,39,all games,Washington Redskins vs. St. Louis Rams September 20 2009
131,34-10,34,10,44,24,39,all games,Carolina Panthers vs. Atlanta Falcons November 3 2013
132,38-21,38,21,59,17,38,all games,Washington Redskins vs. Cleveland Browns December 16 2012
133,35-21,35,21,56,14,38,all games,Denver Broncos vs. San Diego Chargers October 23 2014
134,19-7,19,7,26,12,37,all games,Kansas City Chiefs vs. San Diego Chargers December 28 2014
135,30-13,30,13,43,17,37,all games,Seattle Seahawks vs. Cleveland Browns December 20 2015
136,34-13,34,13,47,21,37,all games,Miami Dolphins vs. New York Jets December 17 2016
137,30-28,30,28,58,2,37,all games,New York Jets vs. Atlanta Falcons October 7 2013
138,26-23,26,23,49,3,36,all games,Miami Dolphins vs. Arizona Cardinals December 11 2016
139,20-19,20,19,39,1,36,all games,New York Giants vs. Dallas Cowboys September 11 2016
140,23-16,23,16,39,7,36,all games,Atlanta Falcons vs. Denver Broncos October 9 2016
141,26-14,26,14,40,12,36,all games,Philadelphia Eagles vs. Minnesota Vikings January 4 2009
142,34-28,34,28,62,6,36,all games,New England Patriots vs. Atlanta Falcons February 5 2017
143,28-27,28,27,55,1,36,all games,Oakland Raiders vs. Baltimore Ravens October 2 2016
144,31-3,31,3,34,28,36,all games,Miami Dolphins vs. Kansas City Chiefs November 6 2011
145,10-9,10,9,19,1,35,all games,Seattle Seahawks vs. Minnesota Vikings January 10 2016
146,19-0,19,0,19,19,35,all games,Buffalo Bills vs. Miami Dolphins December 22 2013
147,28-13,28,13,41,15,35,all games,Detroit Lions vs. New Orleans Saints December 4 2016
148,41-14,41,14,55,27,34,all games,Buffalo Bills vs. Miami Dolphins September 27 2015
149,26-21,26,21,47,5,34,all games,Chicago Bears vs. Tampa Bay Buccaneers December 27 2015
150,27-6,27,6,33,21,34,all games,New England Patriots vs. Houston Texans December 13 2015
151,6-3,6,3,9,3,34,all games,Cleveland Browns vs. Seattle Seahawks October 23 2011
152,37-14,37,14,51,23,33,all games,San Diego Chargers vs. New York Giants December 8 2013
153,26-24,26,24,50,2,33,all games,Seattle Seahawks vs. Atlanta Falcons October 16 2016
154,24-6,24,6,30,18,33,all games,Denver Broncos vs. Oakland Raiders January 1 2017
155,23-3,23,3,26,20,33,all games,Indianapolis Colts vs. Jacksonville Jaguars November 23 2014
156,26-7,26,7,33,19,32,all games,Carolina Panthers vs. Minnesota Vikings December 20 2009
157,13-9,13,9,22,4,32,all games,Minnesota Vikings vs. Chicago Bears December 28 2014
158,7-7,7,7,14,0,31,all games,Washington Redskins vs. New York Giants November 23 1997
159,41-10,41,10,51,31,31,all games,Indianapolis Colts vs. New York Jets December 5 2016
160,27-16,27,16,43,11,31,all games,New England Patriots vs. Pittsburgh Steelers October 23 2016
161,16-6,16,6,22,10,31,all games,Buffalo Bills vs. Dallas Cowboys December 27 2015
162,33-14,33,14,47,19,30,all games,Carolina Panthers vs. Dallas Cowboys November 26 2015
163,37-7,37,7,44,30,30,all games,Baltimore Ravens vs. St. Louis Rams September 25 2011
164,30-21,30,21,51,9,30,all games,Buffalo Bills vs. Houston Texans December 6 2015
165,38-31,38,31,69,7,30,all games,Tampa Bay Buccaneers vs. Jacksonville Jaguars October 11 2015
166,7-3,7,3,10,4,30,all games,Kansas City Chiefs vs. Denver Broncos January 1 2012
167,38-28,38,28,66,10,30,all games,Green Bay Packers vs. Kansas City Chiefs September 28 2015
168,30-23,30,23,53,7,29,all games,New England Patriots vs. Baltimore Ravens December 12 2016
169,9-0,9,0,9,9,29,all games,Green Bay Packers vs. New York Jets October 31 2010
170,24-19,24,19,43,5,29,all games,Philadelphia Eagles vs. New York Giants December 22 2016
171,9-6,9,6,15,3,29,all games,Los Angeles Rams vs. New York Jets November 13 2016
172,26-0,26,0,26,26,28,all games,Seattle Seahawks vs. Chicago Bears September 27 2015
173,34-3,34,3,37,31,28,all games,Philadelphia Eagles vs. Pittsburgh Steelers September 25 2016
174,31-23,31,23,54,8,28,all games,Arizona Cardinals vs. Washington Redskins December 4 2016
175,28-23,28,23,51,5,28,all games,New York Giants vs. Philadelphia Eagles November 6 2016
176,37-34,37,34,71,3,28,all games,Detroit Lions vs. Chicago Bears October 18 2015
177,42-7,42,7,49,35,28,all games,Dallas Cowboys vs. Indianapolis Colts December 21 2014
178,26-17,26,17,43,9,28,all games,Kansas City Chiefs vs. Tennessee Titans October 6 2013
179,17-9,17,9,26,8,28,all games,Buffalo Bills vs. New England Patriots December 28 2014
180,42-14,42,14,56,28,28,all games,Atlanta Falcons vs. Los Angeles Rams December 11 2016
181,38-20,38,20,58,18,27,all games,New York Jets vs. Miami Dolphins November 29 2015
182,24-22,24,22,46,2,26,all games,St. Louis Rams vs. Arizona Cardinals October 4 2015
183,21-19,21,19,40,2,26,all games,Detroit Lions vs. Chicago Bears November 10 2013
184,16-3,16,3,19,13,26,all games,New England Patriots vs. Denver Broncos December 18 2016
185,37-21,37,21,58,16,26,all games,Denver Broncos vs. Oakland Raiders September 23 2013
186,45-21,45,21,66,24,25,all games,Houston Texans vs. Tennessee Titans November 30 2014
187,37-31,37,31,68,6,25,all games,New York Jets vs. Buffalo Bills September 15 2016
188,35-24,35,24,59,11,25,all games,Denver Broncos vs. San Diego Chargers October 15 2012
189,28-3,28,3,31,25,25,all games,Arizona Cardinals vs. New York Jets October 17 2016
190,17-12,17,12,29,5,24,all games,Washington Redskins vs. Philadelphia Eagles October 3 2010
191,33-17,33,17,50,16,24,all games,Buffalo Bills vs. Miami Dolphins November 8 2015
192,14-9,14,9,23,5,24,all games,Seattle Seahawks vs. St. Louis Rams October 28 2013
193,10-10,10,10,20,0,24,all games,Philadelphia Eagles vs. Baltimore Ravens November 16 1997
194,45-17,45,17,62,28,23,all games,Tampa Bay Buccaneers vs. Philadelphia Eagles November 22 2015
195,41-21,41,21,62,20,23,all games,Washington Redskins vs. Chicago Bears December 24 2016
196,19-10,19,10,29,9,23,all games,New York Giants vs. Washington Redskins January 1 2017
197,35-0,35,0,35,35,23,all games,San Francisco 49ers vs. St. Louis Rams October 4 2009
198,45-7,45,7,52,38,23,all games,New England Patriots vs. Indianapolis Colts January 18 2015
199,35-28,35,28,63,7,23,all games,Atlanta Falcons vs. Oakland Raiders September 18 2016
200,37-13,37,13,50,24,22,all games,Chicago Bears vs. St. Louis Rams November 15 2015
201,37-10,37,10,47,27,22,all games,San Diego Chargers vs. Buffalo Bills December 11 2011
202,12-0,12,0,12,12,22,all games,New England Patriots vs. Miami Dolphins December 7 2003
203,21-3,21,3,24,18,22,all games,New York Giants vs. Minnesota Vikings December 13 2010
204,41-7,41,7,48,34,22,all games,New England Patriots vs. Baltimore Ravens December 22 2013
205,31-16,31,16,47,15,22,all games,Dallas Cowboys vs. Washington Redskins October 13 2013
206,38-0,38,0,38,38,22,all games,Carolina Panthers vs. Atlanta Falcons December 13 2015
207,12-7,12,7,19,5,21,all games,Seattle Seahawks vs. Carolina Panthers September 8 2013
208,17-17,17,17,34,0,21,all games,Kansas City Chiefs vs. New York Jets October 2 1988
209,33-27,33,27,60,6,21,all games,Kansas City Chiefs vs. San Diego Chargers September 11 2016
210,30-3,30,3,33,27,21,all games,Tennessee Titans vs. Carolina Panthers November 13 2011
211,31-6,31,6,37,25,21,all games,Washington Redskins vs. Philadelphia Eagles November 18 2012
212,20-12,20,12,32,8,20,all games,Pittsburgh Steelers vs. Kansas City Chiefs December 21 2014
213,22-17,22,17,39,5,20,all games,Houston Texans vs. Indianapolis Colts December 11 2016
214,38-35,38,35,73,3,20,all games,Carolina Panthers vs. New York Giants December 20 2015
215,27-26,27,26,53,1,20,all games,Baltimore Ravens vs. Philadelphia Eagles December 18 2016
216,23-6,23,6,29,17,20,all games,Minnesota Vikings vs. Houston Texans December 23 2012
217,45-14,45,14,59,31,20,all games,Detroit Lions vs. Philadelphia Eagles November 26 2015
218,42-17,42,17,59,25,20,all games,Arizona Cardinals vs. Detroit Lions October 11 2015
219,20-20,20,20,40,0,20,all games,New York Giants vs. St. Louis Cardinals October 24 1983
220,30-0,30,0,30,30,20,all games,Kansas City Chiefs vs. Houston Texans January 9 2016
221,41-0,41,0,41,41,20,all games,New Orleans Saints vs. Tampa Bay Buccaneers December 16 2012
222,26-13,26,13,39,13,20,all games,San Diego Chargers vs. Oakland Raiders December 22 2013
223,35-13,35,13,48,22,20,all games,Miami Dolphins vs. Oakland Raiders September 16 2012
224,12-10,12,10,22,2,19,all games,Houston Texans vs. Cincinnati Bengals December 24 2016
225,28-16,28,16,44,12,19,all games,Carolina Panthers vs. San Diego Chargers December 11 2016
226,44-7,44,7,51,37,19,all games,Dallas Cowboys vs. Buffalo Bills November 13 2011
227,35-10,35,10,45,25,19,all games,Dallas Cowboys vs. Cleveland Browns November 6 2016
228,21-6,21,6,27,15,19,all games,Miami Dolphins vs. New Orleans Saints October 30 2005
229,13-12,13,12,25,1,19,all games,Seattle Seahawks vs. Dallas Cowboys November 1 2015
230,26-16,26,16,42,10,19,all games,Minnesota Vikings vs. Detroit Lions September 20 2015
231,33-30,33,30,63,3,19,all games,San Diego Chargers vs. Atlanta Falcons October 23 2016
232,14-12,14,12,26,2,18,all games,Seattle Seahawks vs. Green Bay Packers September 24 2012
233,40-7,40,7,47,33,18,all games,Seattle Seahawks vs. Carolina Panthers December 4 2016
234,15-10,15,10,25,5,18,all games,Cincinnati Bengals vs. Baltimore Ravens September 19 2010
235,35-3,35,3,38,32,18,all games,Pittsburgh Steelers vs. Oakland Raiders November 21 2010
236,22-21,22,21,43,1,18,all games,San Francisco 49ers vs. Los Angeles Rams December 24 2016
237,33-7,33,7,40,26,18,all games,Cincinnati Bengals vs. Tennessee Titans September 21 2014
238,13-13,13,13,26,0,18,all games,Cincinnati Bengals vs. Philadelphia Eagles November 16 2008
239,45-28,45,28,73,17,18,all games,Chicago Bears vs. Dallas Cowboys December 9 2013
240,41-38,41,38,79,3,18,all games,New Orleans Saints vs. Carolina Panthers October 16 2016
241,38-13,38,13,51,25,18,all games,Green Bay Packers vs. New York Giants January 8 2017
242,35-31,35,31,66,4,18,all games,New England Patriots vs. Baltimore Ravens January 10 2015
243,20-9,20,9,29,11,18,all games,Carolina Panthers vs. Jacksonville Jaguars September 13 2015
244,35-20,35,20,55,15,18,all games,Washington Redskins vs. New York Giants December 24 2005
245,42-21,42,21,63,21,18,all games,Dallas Cowboys vs. Detroit Lions December 26 2016
246,24-9,24,9,33,15,18,all games,Pittsburgh Steelers vs. Cleveland Browns November 20 2016
247,37-0,37,0,37,37,17,all games,Miami Dolphins vs. San Diego Chargers November 2 2014
248,29-14,29,14,43,15,17,all games,Philadelphia Eagles vs. Chicago Bears September 19 2016
249,34-16,34,16,50,18,17,all games,New England Patriots vs. Houston Texans January 14 2017
250,37-20,37,20,57,17,17,all games,San Diego Chargers vs. Kansas City Chiefs September 30 2012
251,29-10,29,10,39,19,17,all games,Philadelphia Eagles vs. Cleveland Browns September 11 2016
252,28-6,28,6,34,22,17,all games,Cincinnati Bengals vs. Kansas City Chiefs November 18 2012
253,31-30,31,30,61,1,17,all games,Washington Redskins vs. Tampa Bay Buccaneers October 25 2015
254,28-25,28,25,53,3,17,all games,Miami Dolphins vs. Buffalo Bills October 23 2016
255,42-10,42,10,52,32,17,all games,Green Bay Packers vs. Minnesota Vikings October 2 2014
256,29-7,29,7,36,22,17,all games,Baltimore Ravens vs. Atlanta Falcons October 19 2014
257,42-20,42,20,62,22,17,all games,New England Patriots vs. Indianapolis Colts November 16 2014
258,24-24,24,24,48,0,17,all games,St. Louis Rams vs. San Francisco 49ers November 11 2012
259,41-24,41,24,65,17,17,all games,San Diego Chargers vs. Tampa Bay Buccaneers December 21 2008
260,35-27,35,27,62,8,17,all games,Detroit Lions vs. New Orleans Saints December 21 2015
261,27-19,27,19,46,8,17,all games,Denver Broncos vs. San Diego Chargers October 30 2016
262,22-20,22,20,42,2,17,all games,Jacksonville Jaguars vs. Baltimore Ravens November 15 2015
263,26-3,26,3,29,23,16,all games,New York Giants vs. San Francisco 49ers October 14 2012
264,23-19,23,19,42,4,16,all games,Tampa Bay Buccaneers vs. Atlanta Falcons December 6 2015
265,15-13,15,13,28,2,16,all games,Miami Dolphins vs. Baltimore Ravens December 6 2015
266,48-21,48,21,69,27,16,all games,Atlanta Falcons vs. Houston Texans October 4 2015
267,42-0,42,0,42,42,16,all games,Seattle Seahawks vs. Philadelphia Eagles December 5 2005
268,9-3,9,3,12,6,16,all games,Los Angeles Rams vs. Seattle Seahawks September 18 2016
269,6-6,6,6,12,0,16,all games,Seattle Seahawks vs. Arizona Cardinals October 23 2016
270,41-17,41,17,58,24,16,all games,Denver Broncos vs. Oakland Raiders November 9 2014
271,37-24,37,24,61,13,16,all games,New York Jets vs. Miami Dolphins December 28 2014
272,22-19,22,19,41,3,15,all games,Chicago Bears vs. San Diego Chargers November 9 2015
273,12-6,12,6,18,6,15,all games,Pittsburgh Steelers vs. St. Louis Rams September 27 2015
274,22-10,22,10,32,12,15,all games,Minnesota Vikings vs. Carolina Panthers September 25 2016
275,45-24,45,24,69,21,15,all games,Atlanta Falcons vs. Tampa Bay Buccaneers January 1 2012
276,22-14,22,14,36,8,15,all games,Indianapolis Colts vs. Tennessee Titans December 1 2013
277,15-0,15,0,15,15,15,all games,Oakland Raiders vs. Kansas City Chiefs December 16 2012
278,33-24,33,24,57,9,15,all games,Baltimore Ravens vs. Dallas Cowboys December 20 2008
279,19-3,19,3,22,16,15,all games,Seattle Seahawks vs. San Francisco 49ers November 27 2014
280,28-28,28,28,56,0,15,all games,New York Jets vs. Miami Dolphins October 4 1981
281,45-10,45,10,55,35,15,all games,Pittsburgh Steelers vs. Indianapolis Colts December 6 2015
282,29-21,29,21,50,8,15,all games,Carolina Panthers vs. Chicago Bears January 15 2006
283,14-14,14,14,28,0,15,all games,Green Bay Packers vs. Tampa Bay Buccaneers October 12 1980
284,31-26,31,26,57,5,15,all games,Dallas Cowboys vs. Washington Redskins November 24 2016
285,21-9,21,9,30,12,14,all games,Houston Texans vs. Buffalo Bills November 4 2012
286,38-3,38,3,41,35,14,all games,Buffalo Bills vs. New York Jets November 24 2014
287,41-20,41,20,61,21,14,all games,Denver Broncos vs. Arizona Cardinals October 5 2014
288,25-24,25,24,49,1,14,all games,Indianapolis Colts vs. Cleveland Browns December 7 2014
289,22-13,22,13,35,9,14,all games,Cincinnati Bengals vs. Houston Texans November 23 2014
290,18-17,18,17,35,1,14,all games,Chicago Bears vs. Kansas City Chiefs October 11 2015
291,27-22,27,22,49,5,14,all games,Washington Redskins vs. Philadelphia Eagles December 11 2016
292,41-13,41,13,54,28,14,all games,Atlanta Falcons vs. San Francisco 49ers December 18 2016
293,21-21,21,21,42,0,14,all games,Buffalo Bills vs. Detroit Lions December 10 1972
294,33-21,33,21,54,12,14,all games,Arizona Cardinals vs. San Francisco 49ers October 6 2016
295,31-19,31,19,50,12,13,all games,Arizona Cardinals vs. New Orleans Saints September 13 2015
296,22-0,22,0,22,22,13,all games,Cleveland Browns vs. Miami Dolphins November 20 2005
297,33-13,33,13,46,20,13,all games,Buffalo Bills vs. Cleveland Browns December 18 2016
298,19-6,19,6,25,13,13,all games,Pittsburgh Steelers vs. New York Jets October 13 2013
299,12-9,12,9,21,3,13,all games,Carolina Panthers vs. Tampa Bay Buccaneers September 14 2003
300,42-28,42,28,70,14,13,all games,Cincinnati Bengals vs. Indianapolis Colts December 8 2013
301,3-3,3,3,6,0,13,all games,New York Giants vs. Chicago Bears October 31 1937
302,29-27,29,27,56,2,13,all games,Washington Redskins vs. New York Giants September 25 2016
303,29-28,29,28,57,1,13,all games,Kansas City Chiefs vs. Atlanta Falcons December 4 2016
304,25-20,25,20,45,5,13,all games,New Orleans Saints vs. Seattle Seahawks October 30 2016
305,40-14,40,14,54,26,13,all games,Buffalo Bills vs. Denver Broncos December 24 2011
306,26-6,26,6,32,20,13,all games,Seattle Seahawks vs. Detroit Lions January 7 2017
307,29-24,29,24,53,5,13,all games,New York Giants vs. Dallas Cowboys October 28 2012
308,38-23,38,23,61,15,13,all games,Dallas Cowboys vs. Philadelphia Eagles November 11 2012
309,38-27,38,27,65,11,13,all games,New Orleans Saints vs. Jacksonville Jaguars December 27 2015
310,19-9,19,9,28,10,12,all games,Houston Texans vs. Tampa Bay Buccaneers September 27 2015
311,27-9,27,9,36,18,12,all games,Denver Broncos vs. Houston Texans October 24 2016
312,41-28,41,28,69,13,12,all games,Dallas Cowboys vs. Chicago Bears December 4 2014
313,22-7,22,7,29,15,12,all games,Cincinnati Bengals vs. Miami Dolphins September 29 2016
314,49-21,49,21,70,28,12,all games,New Orleans Saints vs. Los Angeles Rams November 27 2016
315,17-15,17,15,32,2,12,all games,Dallas Cowboys vs. Minnesota Vikings December 1 2016
316,22-16,22,16,38,6,12,all games,New York Giants vs. Chicago Bears November 20 2016
317,45-3,45,3,48,42,12,all games,San Francisco 49ers vs. Buffalo Bills October 7 2012
318,36-14,36,14,50,22,12,all games,Denver Broncos vs. Carolina Panthers November 11 2012
319,16-12,16,12,28,4,12,all games,Buffalo Bills vs. Cincinnati Bengals November 20 2016
320,34-23,34,23,57,11,12,all games,Washington Redskins vs. Dallas Cowboys January 3 2016
321,41-27,41,27,68,14,12,all games,New York Giants vs. Cleveland Browns October 7 2012
322,30-16,30,16,46,14,12,all games,Dallas Cowboys vs. Green Bay Packers October 16 2016
323,33-20,33,20,53,13,11,all games,Pittsburgh Steelers vs. Cincinnati Bengals December 13 2015
324,29-23,29,23,52,6,11,all games,Dallas Cowboys vs. Philadelphia Eagles October 30 2016
325,23-22,23,22,45,1,11,all games,Cincinnati Bengals vs. New York Jets September 11 2016
326,37-27,37,27,64,10,11,all games,Kansas City Chiefs vs. San Diego Chargers January 1 2017
327,34-33,34,33,67,1,11,all games,San Diego Chargers vs. Baltimore Ravens November 30 2014
328,35-23,35,23,58,12,11,all games,Washington Redskins vs. St. Louis Rams December 17 1995
329,28-26,28,26,54,2,11,all games,Tennessee Titans vs. Cleveland Browns October 16 2016
330,25-17,25,17,42,8,11,all games,Pittsburgh Steelers vs. New England Patriots October 30 2011
331,16-9,16,9,25,7,11,all games,New England Patriots vs. Oakland Raiders September 21 2014
332,37-3,37,3,40,34,11,all games,Cincinnati Bengals vs. Cleveland Browns December 6 2015
333,42-24,42,24,66,18,11,all games,Washington Redskins vs. Green Bay Packers November 20 2016
334,33-6,33,6,39,27,11,all games,Seattle Seahawks vs. St. Louis Rams October 21 2007
335,30-6,30,6,36,24,11,all games,Houston Texans vs. Jacksonville Jaguars January 3 2016
336,16-15,16,15,31,1,11,all games,Tennessee Titans vs. Detroit Lions September 18 2016
337,38-34,38,34,72,4,11,all games,Chicago Bears vs. New York Jets December 26 2010
338,41-3,41,3,44,38,11,all games,New England Patriots vs. New York Jets December 24 2016
339,37-6,37,6,43,31,10,all games,Denver Broncos vs. Oakland Raiders September 30 2012
340,32-0,32,0,32,32,10,all games,Cleveland Browns vs. Arizona Cardinals September 18 1994
341,20-15,20,15,35,5,10,all games,Chicago Bears vs. Washington Redskins December 23 2001
342,48-17,48,17,65,31,10,all games,Baltimore Ravens vs. Tampa Bay Buccaneers October 12 2014
343,37-17,37,17,54,20,10,all games,Jacksonville Jaguars vs. Tennessee Titans October 4 2009
344,29-17,29,17,46,12,10,all games,Denver Broncos vs. Cincinnati Bengals September 25 2016
345,15-7,15,7,22,8,10,all games,New York Giants vs. Philadelphia Eagles October 27 2013
346,25-0,25,0,25,25,10,all games,Tampa Bay Buccaneers vs. Baltimore Ravens September 15 2002
347,41-31,41,31,72,10,10,all games,Cleveland Browns vs. Miami Dolphins October 14 2007
348,21-18,21,18,39,3,10,all games,Minnesota Vikings vs. St. Louis Rams November 8 2015
349,24-12,24,12,36,12,10,all games,Denver Broncos vs. Detroit Lions September 27 2015
350,37-35,37,35,72,2,10,all games,Miami Dolphins vs. Minnesota Vikings December 21 2014
351,33-10,33,10,43,23,10,all games,Kansas City Chiefs vs. Denver Broncos December 25 2016
352,45-0,45,0,45,45,10,all games,Oakland Raiders vs. Tampa Bay Buccaneers December 19 1999
353,33-3,33,3,36,30,10,all games,Kansas City Chiefs vs. San Diego Chargers November 22 2015
354,29-20,29,20,49,9,10,all games,New York Jets vs. Minnesota Vikings October 11 2010
355,33-31,33,31,64,2,10,all games,Minnesota Vikings vs. Baltimore Ravens October 18 2009
356,28-19,28,19,47,9,10,all games,Minnesota Vikings vs. Detroit Lions October 25 2015
357,35-34,35,34,69,1,9,all games,New Orleans Saints vs. San Diego Chargers October 2 2016
358,35-16,35,16,51,19,9,all games,San Francisco 49ers vs. St. Louis Rams November 16 2008
359,25-10,25,10,35,15,9,all games,Carolina Panthers vs. Arizona Cardinals October 14 2007
360,36-28,36,28,64,8,9,all games,Atlanta Falcons vs. San Francisco 49ers September 3 2000
361,31-9,31,9,40,22,9,all games,Indianapolis Colts vs. Tennessee Titans October 11 2009
362,32-14,32,14,46,18,9,all games,Cincinnati Bengals vs. Philadelphia Eagles December 4 2016
363,19-12,19,12,31,7,9,all games,Houston Texans vs. Kansas City Chiefs September 18 2016
364,37-16,37,16,53,21,9,all games,New England Patriots vs. New York Jets November 13 2011
365,48-7,48,7,55,41,9,all games,Dallas Cowboys vs. Arizona Cardinals October 22 2000
366,23-12,23,12,35,11,9,all games,St. Louis Rams vs. Seattle Seahawks November 14 2004
367,40-21,40,21,61,19,9,all games,San Francisco 49ers vs. Seattle Seahawks December 12 2010
368,44-10,44,10,54,34,9,all games,Jacksonville Jaguars vs. Arizona Cardinals December 10 2000
369,23-9,23,9,32,14,9,all games,Cleveland Browns vs. Oakland Raiders December 27 2009
370,29-26,29,26,55,3,9,all games,Carolina Panthers vs. Indianapolis Colts November 2 2015
371,23-15,23,15,38,8,9,all games,Seattle Seahawks vs. New Orleans Saints January 11 2014
372,30-19,30,19,49,11,9,all games,Buffalo Bills vs. Los Angeles Rams October 9 2016
373,44-17,44,17,61,27,9,all games,Dallas Cowboys vs. Washington Redskins December 28 2014
374,31-29,31,29,60,2,9,all games,Baltimore Ravens vs. Dallas Cowboys October 14 2012
375,49-14,49,14,63,35,8,all games,Indianapolis Colts vs. Houston Texans November 14 2004
376,44-14,44,14,58,30,8,all games,Tennessee Oilers vs. Cincinnati Bengals October 18 1998
377,43-14,43,14,57,29,8,all games,Pittsburgh Steelers vs. Kansas City Chiefs October 2 2016
378,38-6,38,6,44,32,8,all games,Baltimore Ravens vs. Miami Dolphins December 4 2016
379,52-21,52,21,73,31,8,all games,San Diego Chargers vs. Denver Broncos December 28 2008
380,45-31,45,31,76,14,8,all games,San Francisco 49ers vs. Green Bay Packers January 12 2013
381,31-22,31,22,53,9,8,all games,Carolina Panthers vs. Detroit Lions November 16 2008
382,22-3,22,3,25,19,8,all games,Baltimore Ravens vs. St. Louis Rams October 14 2007
383,29-13,29,13,42,16,8,all games,Seattle Seahawks vs. San Francisco 49ers November 22 2015
384,15-12,15,12,27,3,8,all games,Oakland Raiders vs. Denver Broncos December 13 2015
385,34-19,34,19,53,15,8,all games,New York Jets vs. Washington Redskins December 4 2011
386,44-0,44,0,44,44,8,all games,Detroit Lions vs. Jacksonville Jaguars December 17 1995
387,35-9,35,9,44,26,8,all games,New York Jets vs. Indianapolis Colts October 14 2012
388,25-7,25,7,32,18,8,all games,Minnesota Vikings vs. Chicago Bears October 27 2002
389,34-30,34,30,64,4,8,all games,Cincinnati Bengals vs. Green Bay Packers September 22 2013
390,30-26,30,26,56,4,8,all games,New York Jets vs. Buffalo Bills January 1 2006
391,38-9,38,9,47,29,8,all games,Buffalo Bills vs. Seattle Seahawks November 28 2004
392,15-14,15,14,29,1,8,all games,Denver Broncos vs. Buffalo Bills September 9 2007
393,36-20,36,20,56,16,8,all games,Atlanta Falcons vs. Seattle Seahawks January 14 2017
394,25-21,25,21,46,4,8,all games,Arizona Cardinals vs. Detroit Lions September 15 2013
395,30-22,30,22,52,8,8,all games,Kansas City Chiefs vs. Buffalo Bills November 29 2015
396,33-28,33,28,61,5,8,all games,San Diego Chargers vs. Detroit Lions September 13 2015
397,35-30,35,30,65,5,8,all games,Dallas Cowboys vs. Pittsburgh Steelers November 13 2016
398,18-16,18,16,34,2,8,all games,Pittsburgh Steelers vs. Kansas City Chiefs January 15 2017
399,25-22,25,22,47,3,8,all games,New Orleans Saints vs. San Francisco 49ers September 20 2010
400,31-15,31,15,46,16,8,all games,New Orleans Saints vs. Chicago Bears December 15 2014
401,38-16,38,16,54,22,7,all games,Pittsburgh Steelers vs. Washington Redskins September 12 2016
402,33-0,33,0,33,33,7,all games,Los Angeles Rams vs. Atlanta Falcons October 9 1988
403,42-13,42,13,55,29,7,all games,Seattle Seahawks vs. San Francisco 49ers December 23 2012
404,18-7,18,7,25,11,7,all games,Pittsburgh Steelers vs. New York Jets December 9 2001
405,48-10,48,10,58,38,7,all games,Green Bay Packers vs. Seattle Seahawks December 27 2009
406,44-21,44,21,65,23,7,all games,Atlanta Falcons vs. Green Bay Packers January 22 2017
407,48-14,48,14,62,34,7,all games,St. Louis Rams vs. Carolina Panthers November 11 2001
408,37-28,37,28,65,9,7,all games,Cincinnati Bengals vs. Denver Broncos December 22 2014
409,44-6,44,6,50,38,7,all games,Arizona Cardinals vs. Los Angeles Rams January 1 2017
410,48-0,48,0,48,48,7,all games,Jacksonville Jaguars vs. Cleveland Browns December 3 2000
411,34-6,34,6,40,28,7,all games,Indianapolis Colts vs. Minnesota Vikings December 18 2016
412,20-18,20,18,38,2,7,all games,Denver Broncos vs. New England Patriots January 24 2016
413,45-35,45,35,80,10,7,all games,Dallas Cowboys vs. New York Giants September 9 2007
414,42-27,42,27,69,15,7,all games,Chicago Bears vs. St. Louis Rams December 11 2006
415,34-9,34,9,43,25,7,all games,New England Patriots vs. Detroit Lions November 23 2014
416,24-15,24,15,39,9,7,all games,Philadelphia Eagles vs. Atlanta Falcons November 13 2016
417,40-17,40,17,57,23,7,all games,Arizona Cardinals vs. Philadelphia Eagles December 20 2015
418,36-7,36,7,43,29,7,all games,New England Patriots vs. Miami Dolphins October 29 2015
419,36-22,36,22,58,14,7,all games,Tennessee Titans vs. Jacksonville Jaguars October 27 2016
420,35-32,35,32,67,3,7,all games,Oakland Raiders vs. Carolina Panthers November 27 2016
421,36-0,36,0,36,36,7,all games,New York Giants vs. Washington Redskins October 30 2005
422,30-12,30,12,42,18,7,all games,Pittsburgh Steelers vs. Miami Dolphins January 8 2017
423,40-24,40,24,64,16,7,all games,Indianapolis Colts vs. New York Giants November 3 2014
424,33-19,33,19,52,14,7,all games,Kansas City Chiefs vs. Denver Broncos September 28 2008
425,43-24,43,24,67,19,7,all games,Philadelphia Eagles vs. Tennessee Titans November 23 2014
426,44-24,44,24,68,20,7,all games,Kansas City Chiefs vs. Denver Broncos January 3 2010
427,27-12,27,12,39,15,7,all games,Pittsburgh Steelers vs. Washington Redskins October 28 2012
428,49-17,49,17,66,32,7,all games,Minnesota Vikings vs. New York Giants December 27 2015
429,34-26,34,26,60,8,7,all games,Indianapolis Colts vs. Tennessee Titans October 23 2016
430,30-9,30,9,39,21,7,all games,Pittsburgh Steelers vs. Cleveland Browns November 15 2015
431,42-31,42,31,73,11,7,all games,Buffalo Bills vs. Miami Dolphins December 4 1994
432,35-6,35,6,41,29,7,all games,Seattle Seahawks vs. Baltimore Ravens December 13 2015
433,25-19,25,19,44,6,7,all games,Atlanta Falcons vs. Washington Redskins October 11 2015
434,36-10,36,10,46,26,7,all games,Tampa Bay Buccaneers vs. Chicago Bears November 13 2016
435,28-22,28,22,50,6,6,all games,Seattle Seahawks vs. Green Bay Packers January 18 2015
436,32-28,32,28,60,4,6,all games,Jacksonville Jaguars vs. Cleveland Browns December 1 2013
437,38-36,38,36,74,2,6,all games,Tennessee Titans vs. Houston Texans October 21 2007
438,42-3,42,3,45,39,6,all games,Philadelphia Eagles vs. San Francisco 49ers September 18 2005
439,41-34,41,34,75,7,6,all games,San Francisco 49ers vs. New England Patriots December 16 2012
440,36-30,36,30,66,6,6,all games,Chicago Bears vs. Minnesota Vikings December 28 2009
441,18-15,18,15,33,3,6,all games,Denver Broncos vs. Miami Dolphins October 23 2011
442,49-0,49,0,49,49,6,all games,Kansas City Chiefs vs. Arizona Cardinals December 1 2002
443,41-6,41,6,47,35,6,all games,Miami Dolphins vs. Indianapolis Colts December 10 2001
444,52-14,52,14,66,38,6,all games,Miami Dolphins vs. New York Jets September 3 1995
445,32-31,32,31,63,1,6,all games,Minnesota Vikings vs. New Orleans Saints December 15 2002
446,44-13,44,13,57,31,6,all games,Baltimore Ravens vs. Cincinnati Bengals September 10 2012
447,33-16,33,16,49,17,6,all games,Atlanta Falcons vs. Carolina Panthers December 24 2016
448,40-10,40,10,50,30,6,all games,Detroit Lions vs. Green Bay Packers November 28 2013
449,49-7,49,7,56,42,6,all games,San Francisco 49ers vs. Chicago Bears September 7 2003
450,31-31,31,31,62,0,6,all games,San Diego Chargers vs. Houston Oilers October 25 1970
451,41-16,41,16,57,25,6,all games,Denver Broncos vs. Philadelphia Eagles October 4 1998
452,45-27,45,27,72,18,6,all games,New Orleans Saints vs. Detroit Lions September 13 2009
453,55-14,55,14,69,41,6,all games,Green Bay Packers vs. Chicago Bears November 9 2014
454,28-18,28,18,46,10,6,all games,Washington Redskins vs. Dallas Cowboys December 30 2012
455,41-23,41,23,64,18,6,all games,New Orleans Saints vs. San Francisco 49ers November 6 2016
456,34-12,34,12,46,22,6,all games,Denver Broncos vs. Cleveland Browns December 23 2012
457,26-18,26,18,44,8,6,all games,Arizona Cardinals vs. Baltimore Ravens October 26 2015
458,25-23,25,23,48,2,6,all games,Seattle Seahawks vs. San Francisco 49ers January 1 2017
459,42-6,42,6,48,36,6,all games,Indianapolis Colts vs. St. Louis Rams October 25 2009
460,27-25,27,25,52,2,6,all games,New England Patriots vs. New York Jets October 16 2014
461,28-9,28,9,37,19,6,all games,Buffalo Bills vs. New York Jets December 30 2012
462,21-12,21,12,33,9,6,all games,New England Patriots vs. San Diego Chargers January 20 2008
463,32-10,32,10,42,22,6,all games,Atlanta Falcons vs. Arizona Cardinals October 1 2006
464,41-9,41,9,50,32,6,all games,Pittsburgh Steelers vs. Cleveland Browns January 2 2011
465,26-9,26,9,35,17,6,all games,Denver Broncos vs. San Diego Chargers October 6 2002
466,47-17,47,17,64,30,6,all games,Atlanta Falcons vs. St. Louis Rams January 15 2005
467,27-11,27,11,38,16,6,all games,Pittsburgh Steelers vs. Cleveland Browns November 24 2013
468,39-0,39,0,39,39,5,all games,Detroit Lions vs. Chicago Cardinals September 28 1936
469,2-0,2,0,2,2,5,all games,Chicago Bears vs. Green Bay Packers September 18 1938
470,8-0,8,0,8,8,5,all games,Cleveland Browns vs. Buffalo Bills December 16 2007
471,18-14,18,14,32,4,5,all games,Indianapolis Colts vs. San Francisco 49ers November 1 2009
472,51-7,51,7,58,44,5,all games,San Francisco 49ers vs. Minnesota Vikings December 8 1984
473,37-22,37,22,59,15,5,all games,New England Patriots vs. Buffalo Bills October 12 2014
474,27-27,27,27,54,0,5,all games,Washington Redskins vs. Cincinnati Bengals October 30 2016
475,42-35,42,35,77,7,5,all games,Tampa Bay Buccaneers vs. Chicago Bears October 8 1989
476,32-17,32,17,49,15,5,all games,Detroit Lions vs. San Francisco 49ers December 27 2015
477,35-26,35,26,61,9,5,all games,Green Bay Packers vs. Tampa Bay Buccaneers November 20 2011
478,28-12,28,12,40,16,5,all games,Pittsburgh Steelers vs. Cleveland Browns January 3 2016
479,25-13,25,13,38,12,5,all games,Pittsburgh Steelers vs. Arizona Cardinals October 18 2015
480,38-15,38,15,53,23,5,all games,Tampa Bay Buccaneers vs. Seattle Seahawks December 26 2010
481,29-6,29,6,35,23,5,all games,Houston Texans vs. Oakland Raiders October 4 2009
482,31-25,31,25,56,6,5,all games,Seattle Seahawks vs. Buffalo Bills November 7 2016
483,43-0,43,0,43,43,5,all games,Pittsburgh Steelers vs. Cleveland Browns September 12 1999
484,35-15,35,15,50,20,5,all games,San Diego Chargers vs. Seattle Seahawks October 30 1994
485,41-35,41,35,76,6,5,all games,New York Giants vs. Dallas Cowboys October 25 2010
486,45-38,45,38,83,7,5,all games,Green Bay Packers vs. San Diego Chargers November 6 2011
487,30-15,30,15,45,15,5,all games,Miami Dolphins vs. Pittsburgh Steelers October 16 2016
488,45-13,45,13,58,32,5,all games,Kansas City Chiefs vs. Washington Redskins September 30 2001
489,48-3,48,3,51,45,5,all games,San Francisco 49ers vs. Tampa Bay Buccaneers October 9 2011
490,36-17,36,17,53,19,5,all games,New England Patriots vs. Pittsburgh Steelers January 22 2017
491,32-21,32,21,53,11,5,all games,New York Giants vs. Washington Redskins September 24 2015
492,38-30,38,30,68,8,5,all games,New England Patriots vs. Buffalo Bills September 26 2010
493,23-18,23,18,41,5,5,all games,Jacksonville Jaguars vs. Houston Texans December 6 2009
494,32-29,32,29,61,3,5,all games,Carolina Panthers vs. Green Bay Packers October 3 2005
495,32-7,32,7,39,25,5,all games,San Francisco 49ers vs. Chicago Bears November 19 2012
496,12-3,12,3,15,9,5,all games,Cincinnati Bengals vs. Cleveland Browns October 29 2000
497,48-20,48,20,68,28,5,all games,Philadelphia Eagles vs. Arizona Cardinals November 27 2008
498,40-13,40,13,53,27,5,all games,New York Jets vs. Miami Dolphins December 2 2007
499,35-33,35,33,68,2,5,all games,Indianapolis Colts vs. Tennessee Titans September 27 2015
500,35-35,35,35,70,0,5,all games,Pittsburgh Steelers vs. Denver Broncos September 22 1974
501,22-9,22,9,31,13,5,all games,Miami Dolphins vs. Buffalo Bills November 13 2014
502,29-3,29,3,32,26,5,all games,Seattle Seahawks vs. San Francisco 49ers September 15 2013
503,49-31,49,31,80,18,5,all games,Buffalo Bills vs. Cincinnati Bengals November 21 2010
504,38-19,38,19,57,19,5,all games,Atlanta Falcons vs. Arizona Cardinals November 27 2016
505,33-25,33,25,58,8,5,all games,Oakland Raiders vs. Indianapolis Colts December 24 2016
506,14-2,14,2,16,12,5,all games,Baltimore Colts vs. Los Angeles Rams November 11 1962
507,22-6,22,6,28,16,5,all games,Arizona Cardinals vs. Carolina Panthers October 6 2013
508,25-14,25,14,39,11,5,all games,Arizona Cardinals vs. New York Giants September 14 2014
509,34-15,34,15,49,19,5,all games,Kansas City Chiefs vs. Miami Dolphins September 21 2014
510,56-17,56,17,73,39,5,all games,San Francisco 49ers vs. Atlanta Falcons October 18 1992
511,47-7,47,7,54,40,5,all games,Arizona Cardinals vs. San Francisco 49ers September 27 2015
512,27-15,27,15,42,12,5,all games,Green Bay Packers vs. Detroit Lions November 24 2011
513,34-29,34,29,63,5,5,all games,Chicago Bears vs. Carolina Panthers October 2 2011
514,26-22,26,22,48,4,5,all games,Indianapolis Colts vs. San Diego Chargers September 25 2016
515,26-15,26,15,41,11,5,all games,Carolina Panthers vs. Washington Redskins December 19 2016
516,35-19,35,19,54,16,5,all games,Denver Broncos vs. Jacksonville Jaguars October 13 2013
517,25-16,25,16,41,9,4,all games,Minnesota Vikings vs. Jacksonville Jaguars December 11 2016
518,32-6,32,6,38,26,4,all games,Minnesota Vikings vs. Green Bay Packers December 7 1986
519,51-14,51,14,65,37,4,all games,San Diego Chargers vs. Detroit Lions December 16 2007
520,19-15,19,15,34,4,4,all games,Washington Redskins vs. Dallas Cowboys September 23 1990
521,38-33,38,33,71,5,4,all games,Dallas Cowboys vs. Philadelphia Eagles December 2 2012
522,32-3,32,3,35,29,4,all games,New York Jets vs. Jacksonville Jaguars September 18 2011
523,47-27,47,27,74,20,4,all games,Atlanta Falcons vs. Houston Oilers September 9 1990
524,36-21,36,21,57,15,4,all games,Cincinnati Bengals vs. Kansas City Chiefs October 4 2015
525,47-14,47,14,61,33,4,all games,Washington Redskins vs. New Orleans Saints November 15 2015
526,29-16,29,16,45,13,4,all games,Denver Broncos vs. Kansas City Chiefs November 30 2014
527,29-22,29,22,51,7,4,all games,Jacksonville Jaguars vs. Pittsburgh Steelers December 16 2007
528,18-13,18,13,31,5,4,all games,Detroit Lions vs. Oakland Raiders November 22 2015
529,40-34,40,34,74,6,4,all games,Kansas City Chiefs vs. Green Bay Packers October 12 2003
530,30-29,30,29,59,1,4,all games,Tennessee Titans vs. Buffalo Bills December 24 2006
531,44-41,44,41,85,3,4,all games,Tennessee Titans vs. Detroit Lions September 23 2012
532,36-33,36,33,69,3,4,all games,St. Louis Rams vs. Denver Broncos November 28 2010
533,29-0,29,0,29,29,4,all games,Washington Redskins vs. Seattle Seahawks December 23 1989
534,43-7,43,7,50,36,4,all games,Atlanta Falcons vs. Tampa Bay Buccaneers November 17 1991
535,18-6,18,6,24,12,4,all games,Green Bay Packers vs. Minnesota Vikings December 11 1988
536,56-7,56,7,63,49,4,all games,Oakland Raiders vs. Houston Oilers December 21 1969
537,24-18,24,18,42,6,4,all games,Cleveland Browns vs. Baltimore Ravens November 3 2013
538,34-25,34,25,59,9,4,all games,Oakland Raiders vs. Tennessee Titans October 30 2005
539,26-19,26,19,45,7,4,all games,Detroit Lions vs. Jacksonville Jaguars November 20 2016
540,43-17,43,17,60,26,4,all games,New England Patriots vs. Cincinnati Bengals October 5 2014
541,44-38,44,38,82,6,4,all games,Carolina Panthers vs. New Orleans Saints December 30 2012
542,33-18,33,18,51,15,4,all games,Buffalo Bills vs. Arizona Cardinals September 25 2016
543,36-6,36,6,42,30,4,all games,Seattle Seahawks vs. Arizona Cardinals January 3 2016
544,31-18,31,18,49,13,4,all games,Atlanta Falcons vs. Detroit Lions December 22 2012
545,56-0,56,0,56,56,4,all games,Baltimore Colts vs. Green Bay Packers November 2 1958
546,33-12,33,12,45,21,4,all games,Los Angeles Rams vs. New York Giants September 30 1984
547,15-3,15,3,18,12,4,all games,Cincinnati Bengals vs. Los Angeles Rams December 19 1993
548,32-20,32,20,52,12,4,all games,San Francisco 49ers vs. Arizona Cardinals October 13 2013
549,56-10,56,10,66,46,4,all games,New England Patriots vs. Buffalo Bills November 18 2007
550,42-34,42,34,76,8,4,all games,Green Bay Packers vs. New Orleans Saints September 8 2011
551,37-30,37,30,67,7,4,all games,Green Bay Packers vs. Carolina Panthers September 27 1998
552,37-26,37,26,63,11,4,all games,Green Bay Packers vs. Detroit Lions November 22 2007
553,37-33,37,33,70,4,4,all games,Oakland Raiders vs. Baltimore Ravens September 20 2015
554,42-23,42,23,65,19,4,all games,Buffalo Bills vs. Seattle Seahawks December 23 2000
555,37-29,37,29,66,8,4,all games,Carolina Panthers vs. Green Bay Packers November 8 2015
556,35-12,35,12,47,23,4,all games,Atlanta Falcons vs. New Orleans Saints December 5 1999
557,47-0,47,0,47,47,4,all games,Houston Oilers vs. Chicago Bears November 6 1977
558,45-6,45,6,51,39,4,all games,Los Angeles Rams vs. Seattle Seahawks October 31 1976
559,32-13,32,13,45,19,4,all games,Dallas Cowboys vs. Washington Redskins December 10 2000
560,48-23,48,23,71,25,4,all games,Arizona Cardinals vs. Chicago Bears September 20 2015
561,28-15,28,15,43,13,4,all games,Pittsburgh Steelers vs. Arizona Cardinals November 9 2003
562,19-11,19,11,30,8,4,all games,San Francisco 49ers vs. Washington Redskins November 6 2011
563,41-19,41,19,60,22,4,all games,Detroit Lions vs. Minnesota Vikings December 17 1994
564,23-23,23,23,46,0,4,all games,Detroit Lions vs. Philadelphia Eagles November 4 1984
565,45-34,45,34,79,11,4,all games,Seattle Seahawks vs. Oakland Raiders October 26 1997
566,48-27,48,27,75,21,3,all games,New Orleans Saints vs. New York Giants October 18 2009
567,52-17,52,17,69,35,3,all games,Washington Redskins vs. San Francisco 49ers October 23 2005
568,59-0,59,0,59,59,3,all games,New England Patriots vs. Tennessee Titans October 18 2009
569,25-12,25,12,37,13,3,all games,Indianapolis Colts vs. Tampa Bay Buccaneers November 29 2015
570,56-20,56,20,76,36,3,all games,Philadelphia Eagles vs. Los Angeles Rams October 7 1950
571,39-35,39,35,74,4,3,all games,Detroit Lions vs. Indianapolis Colts September 11 2016
572,49-27,49,27,76,22,3,all games,Indianapolis Colts vs. Washington Redskins November 30 2014
573,39-17,39,17,56,22,3,all games,Philadelphia Eagles vs. New Orleans Saints October 11 2015
574,51-21,51,21,72,30,3,all games,Los Angeles Rams vs. Green Bay Packers September 21 1980
575,48-24,48,24,72,24,3,all games,Chicago Bears vs. Detroit Lions October 4 2009
576,43-13,43,13,56,30,3,all games,Houston Texans vs. Baltimore Ravens October 21 2012
577,49-13,49,13,62,36,3,all games,Washington Redskins vs. New York Giants September 28 1975
578,50-21,50,21,71,29,3,all games,Washington Redskins vs. New York Giants September 19 1999
579,52-10,52,10,62,42,3,all games,Philadelphia Eagles vs. St. Louis Cardinals November 8 1981
580,45-41,45,41,86,4,3,all games,Washington Redskins vs. Chicago Bears October 20 2013
581,24-2,24,2,26,22,3,all games,New York Giants vs. Atlanta Falcons January 8 2012
582,14-11,14,11,25,3,3,all games,Washington Redskins vs. Cleveland Browns October 19 2008
583,51-45,51,45,96,6,3,all games,Arizona Cardinals vs. Green Bay Packers January 10 2010
584,18-12,18,12,30,6,3,all games,Indianapolis Colts vs. Miami Dolphins December 27 2015
585,35-25,35,25,60,10,3,all games,Washington Redskins vs. Buffalo Bills December 20 2015
586,20-8,20,8,28,12,3,all games,Dallas Cowboys vs. New York Giants December 14 2008
587,36-31,36,31,67,5,3,all games,Dallas Cowboys vs. New York Giants September 8 2013
588,48-28,48,28,76,20,3,all games,New York Jets vs. Buffalo Bills September 9 2012
589,33-22,33,22,55,11,3,all games,Green Bay Packers vs. Kansas City Chiefs November 4 2007
590,38-26,38,26,64,12,3,all games,Washington Redskins vs. Minnesota Vikings October 14 2012
591,40-6,40,6,46,34,3,all games,Los Angeles Rams vs. New York Giants December 10 1973
592,7-2,7,2,9,5,3,all games,New England Patriots vs. Cincinnati Bengals December 12 1993
593,5-0,5,0,5,5,3,all games,Buffalo Bills vs. Cincinnati Bengals October 22 1978
594,55-24,55,24,79,31,3,all games,New York Giants vs. Green Bay Packers December 20 1986
595,55-7,55,7,62,48,3,all games,Green Bay Packers vs. Tennessee Titans December 23 2012
596,56-14,56,14,70,42,3,all games,Atlanta Falcons vs. Tampa Bay Buccaneers September 18 2014
597,42-19,42,19,61,23,3,all games,New York Giants vs. Arizona Cardinals September 11 2005
598,59-14,59,14,73,45,3,all games,Oakland Raiders vs. Denver Broncos October 24 2010
599,45-16,45,16,61,29,3,all games,Buffalo Bills vs. San Francisco 49ers October 16 2016
600,39-31,39,31,70,8,3,all games,Detroit Lions vs. Dallas Cowboys December 31 2006
601,35-22,35,22,57,13,3,all games,Dallas Cowboys vs. San Francisco 49ers November 23 2008
602,47-10,47,10,57,37,3,all games,Tennessee Titans vs. Detroit Lions November 27 2008
603,44-34,44,34,78,10,3,all games,Buffalo Bills vs. Miami Dolphins January 12 1991
604,40-28,40,28,68,12,3,all games,Green Bay Packers vs. Chicago Bears December 17 1989
605,15-9,15,9,24,6,3,all games,Pittsburgh Steelers vs. Atlanta Falcons September 12 2010
606,55-21,55,21,76,34,3,all games,Indianapolis Colts vs. New Orleans Saints September 28 2003
607,36-13,36,13,49,23,3,all games,Minnesota Vikings vs. Tampa Bay Buccaneers October 30 1994
608,43-37,43,37,80,6,3,all games,Green Bay Packers vs. Atlanta Falcons December 8 2014
609,25-15,25,15,40,10,3,all games,Baltimore Ravens vs. Cleveland Browns November 4 2012
610,39-26,39,26,65,13,3,all games,New England Patriots vs. Pittsburgh Steelers November 14 2010
611,40-32,40,32,72,8,3,all games,New England Patriots vs. Buffalo Bills September 20 2015
612,49-26,49,26,75,23,3,all games,New England Patriots vs. Oakland Raiders December 14 2008
613,13-2,13,2,15,11,3,all games,Detroit Lions vs. Minnesota Vikings December 5 1983
614,39-7,39,7,46,32,3,all games,Houston Oilers vs. Miami Dolphins October 1 1989
615,47-13,47,13,60,34,3,all games,Cleveland Browns vs. Philadelphia Eagles November 24 1968
616,11-7,11,7,18,4,3,all games,New Orleans Saints vs. San Francisco 49ers October 29 1995
617,16-16,16,16,32,0,3,all games,San Diego Chargers vs. Cleveland Browns October 28 1973
618,15-6,15,6,21,9,3,all games,Philadelphia Eagles vs. Pittsburgh Steelers September 21 2008
619,55-20,55,20,75,35,3,all games,Baltimore Ravens vs. Oakland Raiders November 11 2012
620,39-10,39,10,49,29,3,all games,Chicago Bears vs. Minnesota Vikings October 16 2011
621,40-20,40,20,60,20,3,all games,Cincinnati Bengals vs. Houston Oilers December 23 1990
622,52-20,52,20,72,32,3,all games,Denver Broncos vs. Philadelphia Eagles September 29 2013
623,37-23,37,23,60,14,3,all games,Carolina Panthers vs. Tampa Bay Buccaneers October 4 2015
624,52-0,52,0,52,52,3,all games,St. Louis Rams vs. Oakland Raiders November 30 2014
625,62-7,62,7,69,55,3,all games,New Orleans Saints vs. Indianapolis Colts October 23 2011
626,39-14,39,14,53,25,3,all games,Chicago Bears vs. New Orleans Saints January 21 2007
627,21-11,21,11,32,10,3,all games,New England Patriots vs. Buffalo Bills November 11 2001
628,35-8,35,8,43,27,3,all games,Miami Dolphins vs. Buffalo Bills November 20 2011
629,32-25,32,25,57,7,3,all games,Arizona Cardinals vs. Philadelphia Eagles January 18 2009
630,38-32,38,32,70,6,3,all games,Atlanta Falcons vs. New Orleans Saints January 1 2017
631,49-24,49,24,73,25,3,all games,New Orleans Saints vs. New York Giants November 28 2011
632,23-8,23,8,31,15,3,all games,Oakland Raiders vs. Kansas City Chiefs September 14 2008
633,39-32,39,32,71,7,3,all games,Arizona Cardinals vs. Seattle Seahawks November 15 2015
634,34-18,34,18,52,16,3,all games,Buffalo Bills vs. Jacksonville Jaguars December 2 2012
635,51-0,51,0,51,51,3,all games,Cleveland Browns vs. Pittsburgh Steelers September 10 1989
636,18-0,18,0,18,18,3,all games,Cleveland Browns vs. Cincinnati Bengals November 25 2001
637,57-0,57,0,57,57,3,all games,Chicago Bears vs. Baltimore Colts November 25 1962
638,25-6,25,6,31,19,3,all games,Chicago Bears vs. Tampa Bay Buccaneers September 17 1995
639,44-28,44,28,72,16,3,all games,Cincinnati Bengals vs. Cleveland Browns December 12 1999
640,49-28,49,28,77,21,3,all games,New England Patriots vs. Miami Dolphins October 21 2007
641,48-13,48,13,61,35,3,all games,Denver Broncos vs. Tampa Bay Buccaneers November 7 1976
642,40-16,40,16,56,24,3,all games,Minnesota Vikings vs. San Francisco 49ers October 24 1999
643,52-31,52,31,83,21,3,all games,Carolina Panthers vs. Cincinnati Bengals December 8 2002
644,51-10,51,10,61,41,3,all games,Minnesota Vikings vs. Houston Oilers October 13 1974
645,40-3,40,3,43,37,3,all games,Green Bay Packers vs. Chicago Bears December 11 1994
646,31-12,31,12,43,19,3,all games,Tennessee Titans vs. Houston Texans September 21 2008
647,44-27,44,27,71,17,3,all games,New York Giants vs. Indianapolis Colts December 22 2002
648,44-23,44,23,67,21,3,all games,New Orleans Saints vs. Green Bay Packers October 26 2014
649,36-35,36,35,71,1,3,all games,Tampa Bay Buccaneers vs. Washington Redskins November 13 2005
650,50-17,50,17,67,33,3,all games,Seattle Seahawks vs. Buffalo Bills December 16 2012
651,48-16,48,16,64,32,3,all games,Carolina Panthers vs. Tampa Bay Buccaneers December 24 2011
652,43-28,43,28,71,15,3,all games,Atlanta Falcons vs. Tampa Bay Buccaneers November 3 2016
653,18-10,18,10,28,8,3,all games,St. Louis Rams vs. Denver Broncos September 10 2006
654,43-23,43,23,66,20,3,all games,Pittsburgh Steelers vs. Baltimore Ravens November 2 2014
655,44-20,44,20,64,24,3,all games,Indianapolis Colts vs. Baltimore Ravens December 9 2007
656,48-22,48,22,70,26,3,all games,New Orleans Saints vs. Philadelphia Eagles September 20 2009
657,38-37,38,37,75,1,3,all games,Detroit Lions vs. Cleveland Browns November 22 2009
658,30-8,30,8,38,22,2,all games,New York Jets vs. Tennessee Titans December 13 2015
659,37-32,37,32,69,5,2,all games,Los Angeles Rams vs. Tampa Bay Buccaneers September 25 2016
660,37-36,37,36,73,1,2,all games,Green Bay Packers vs. Dallas Cowboys December 15 2013
661,12-12,12,12,24,0,2,all games,Green Bay Packers vs. Chicago Bears September 30 1928
662,12-8,12,8,20,4,2,all games,Tennessee Oilers vs. Baltimore Ravens October 11 1998
663,53-0,53,0,53,53,2,all games,New York Giants vs. Washington Redskins November 5 1961
664,53-7,53,7,60,46,2,all games,San Diego Chargers vs. New York Jets November 2 1963
665,44-31,44,31,75,13,2,all games,Green Bay Packers vs. Minnesota Vikings October 27 2013
666,56-21,56,21,77,35,2,all games,Philadelphia Eagles vs. Detroit Lions September 23 2007
667,52-49,52,49,101,3,2,all games,New Orleans Saints vs. New York Giants November 1 2015
668,45-37,45,37,82,8,2,all games,Indianapolis Colts vs. Cincinnati Bengals November 20 2005
669,19-18,19,18,37,1,2,all games,Tampa Bay Buccaneers vs. Arizona Cardinals September 28 1997
670,52-9,52,9,61,43,2,all games,Oakland Raiders vs. Carolina Panthers December 24 2000
671,47-21,47,21,68,26,2,all games,New England Patriots vs. Baltimore Colts November 23 1980
672,25-3,25,3,28,22,2,all games,Indianapolis Colts vs. Houston Texans December 15 2013
673,49-37,49,37,86,12,2,all games,St. Louis Rams vs. Minnesota Vikings January 16 2000
674,21-15,21,15,36,6,2,all games,Green Bay Packers vs. Chicago Bears September 13 2009
675,41-22,41,22,63,19,2,all games,Miami Dolphins vs. St. Louis Rams December 24 1995
676,35-18,35,18,53,17,2,all games,Green Bay Packers vs. Washington Redskins January 10 2016
677,29-19,29,19,48,10,2,all games,Washington Redskins vs. Oakland Raiders November 29 1998
678,39-28,39,28,67,11,2,all games,Atlanta Falcons vs. Dallas Cowboys September 27 2015
679,32-18,32,18,50,14,2,all games,New York Giants vs. Tampa Bay Buccaneers November 8 2015
680,37-25,37,25,62,12,2,all games,Detroit Lions vs. Washington Redskins October 31 2010
681,40-23,40,23,63,17,2,all games,Chicago Bears vs. Pittsburgh Steelers September 22 2013
682,38-25,38,25,63,13,2,all games,Green Bay Packers vs. Minnesota Vikings December 24 2016
683,48-41,48,41,89,7,2,all games,New Orleans Saints vs. Arizona Cardinals December 18 2016
684,38-8,38,8,46,30,2,all games,Arizona Cardinals vs. Green Bay Packers December 27 2015
685,16-11,16,11,27,5,2,all games,Tampa Bay Buccaneers vs. New Orleans Saints December 11 2016
686,46-10,46,10,56,36,2,all games,Chicago Bears vs. New England Patriots January 26 1986
687,58-0,58,0,58,58,2,all games,Seattle Seahawks vs. Arizona Cardinals December 9 2012
688,6-2,6,2,8,4,2,all games,Dallas Cowboys vs. Cleveland Browns December 12 1970
689,23-2,23,2,25,21,2,all games,Detroit Lions vs. Los Angeles Rams September 14 1963
690,31-2,31,2,33,29,2,all games,Dallas Cowboys vs. New York Giants September 19 1965
691,47-25,47,25,72,22,2,all games,Tennessee Titans vs. Green Bay Packers November 13 2016
692,37-9,37,9,46,28,2,all games,Houston Texans vs. Tampa Bay Buccaneers November 13 2011
693,49-3,49,3,52,46,2,all games,New York Giants vs. San Francisco 49ers January 4 1987
694,43-35,43,35,78,8,2,all games,San Diego Chargers vs. Tennessee Titans November 6 2016
695,41-33,41,33,74,8,2,all games,Los Angeles Chargers vs. Denver Broncos December 10 1960
696,52-28,52,28,80,24,2,all games,New England Patriots vs. Buffalo Bills September 30 2012
697,42-33,42,33,75,9,2,all games,Houston Oilers vs. Denver Broncos November 26 1995
698,36-34,36,34,70,2,2,all games,San Francisco 49ers vs. Denver Broncos September 23 1973
699,56-3,56,3,59,53,2,all games,New England Patriots vs. New York Jets September 9 1979
700,42-37,42,37,79,5,2,all games,Philadelphia Eagles vs. Washington Redskins September 17 1989
701,22-5,22,5,27,17,2,all games,Seattle Seahawks vs. Cleveland Browns November 14 1993
702,61-7,61,7,68,54,2,all games,Cincinnati Bengals vs. Houston Oilers December 17 1989
703,41-37,41,37,78,4,2,all games,Dallas Cowboys vs. Philadelphia Eagles September 15 2008
704,14-5,14,5,19,9,2,all games,Tampa Bay Buccaneers vs. Seattle Seahawks November 27 2016
705,49-35,49,35,84,14,2,all games,Detroit Lions vs. Carolina Panthers November 20 2011
706,45-20,45,20,65,25,2,all games,Minnesota Vikings vs. Kansas City Chiefs December 20 2003
707,40-37,40,37,77,3,2,all games,New York Jets vs. Miami Dolphins October 23 2000
708,34-22,34,22,56,12,2,all games,Seattle Seahawks vs. Arizona Cardinals October 17 2013
709,30-18,30,18,48,12,2,all games,Indianapolis Colts vs. Detroit Lions October 29 2000
710,45-19,45,19,64,26,2,all games,Philadelphia Eagles vs. New York Jets December 18 2011
711,39-36,39,36,75,3,2,all games,Denver Broncos vs. Miami Dolphins November 23 2014
712,29-25,29,25,54,4,2,all games,New Orleans Saints vs. Atlanta Falcons December 7 2008
713,39-38,39,38,77,1,2,all games,Denver Broncos vs. San Diego Chargers September 14 2008
714,37-8,37,8,45,29,2,all games,Cincinnati Bengals vs. Minnesota Vikings September 18 2005
715,55-0,55,0,55,55,2,all games,Houston Oilers vs. Oakland Raiders September 9 1961
716,62-14,62,14,76,48,2,all games,Cleveland Browns vs. New York Giants December 6 1953
717,48-26,48,26,74,22,2,all games,Los Angeles Rams vs. San Francisco 49ers October 5 1980
718,51-17,51,17,68,34,2,all games,New England Patriots vs. Jacksonville Jaguars September 27 2015
719,52-35,52,35,87,17,2,all games,Chicago Bears vs. Minnesota Vikings December 17 1961
720,30-30,30,30,60,0,2,all games,Chicago Bears vs. San Francisco 49ers November 13 1966
721,45-12,45,12,57,33,2,all games,New York Giants vs. Washington Redskins December 21 2009
722,58-20,58,20,78,38,2,all games,Baltimore Colts vs. Buffalo Bills December 12 1976
723,26-8,26,8,34,18,2,all games,Miami Dolphins vs. Baltimore Colts October 29 1978
724,50-34,50,34,84,16,2,all games,San Diego Chargers vs. Cincinnati Bengals December 20 1982
725,49-6,49,6,55,43,2,all games,New York Giants vs. St. Louis Cardinals December 7 1969
726,29-18,29,18,47,11,2,all games,Atlanta Falcons vs. Arizona Cardinals November 30 2014
727,42-41,42,41,83,1,2,all games,Kansas City Chiefs vs. San Diego Chargers October 19 1986
728,33-23,33,23,56,10,2,all games,Cincinnati Bengals vs. Jacksonville Jaguars November 2 2014
729,34-34,34,34,68,0,2,all games,Pittsburgh Steelers vs. Atlanta Falcons November 10 2002
730,44-16,44,16,60,28,2,all games,Carolina Panthers vs. Washington Redskins November 22 2015
731,34-32,34,32,66,2,2,all games,Denver Broncos vs. New Orleans Saints September 21 2008
732,37-15,37,15,52,22,2,all games,Atlanta Falcons vs. St. Louis Rams November 1 1998
733,51-3,51,3,54,48,2,all games,Buffalo Bills vs. Los Angeles Raiders January 20 1991
734,40-0,40,0,40,40,2,all games,San Francisco 49ers vs. New Orleans Saints October 21 1973
735,29-9,29,9,38,20,2,all games,Pittsburgh Steelers vs. Cleveland Browns January 7 1995
736,51-27,51,27,78,24,2,all games,Indianapolis Colts vs. Houston Oilers November 29 1987
737,32-16,32,16,48,16,2,all games,New York Giants vs. San Francisco 49ers October 14 1979
738,51-24,51,24,75,27,2,all games,Indianapolis Colts vs. Tennessee Titans December 5 2004
739,44-26,44,26,70,18,2,all games,Miami Dolphins vs. Houston Texans October 25 2015
740,51-48,51,48,99,3,2,all games,Denver Broncos vs. Dallas Cowboys October 6 2013
741,44-9,44,9,53,35,2,all games,Kansas City Chiefs vs. San Francisco 49ers November 30 1997
742,40-33,40,33,73,7,2,all games,New Orleans Saints vs. Houston Texans September 25 2011
743,47-34,47,34,81,13,2,all games,Buffalo Bills vs. Miami Dolphins December 19 1993
744,50-14,50,14,64,36,2,all games,San Francisco 49ers vs. Arizona Cardinals December 7 2003
745,31-8,31,8,39,23,2,all games,Baltimore Ravens vs. New Orleans Saints December 19 1999
746,30-25,30,25,55,5,2,all games,Miami Dolphins vs. New York Jets November 1 2009
747,42-32,42,32,74,10,2,all games,Tampa Bay Buccaneers vs. Oakland Raiders November 4 2012
748,48-19,48,19,67,29,2,all games,Arizona Cardinals vs. St. Louis Rams December 30 2007
749,37-19,37,19,56,18,2,all games,Pittsburgh Steelers vs. Carolina Panthers September 21 2014
750,3-2,3,2,5,1,2,all games,Chicago Cardinals vs. Milwaukee Badgers October 24 1926
751,60-0,60,0,60,60,2,all games,Chicago Cardinals vs. Rochester Jeffersons October 7 1923
752,18-3,18,3,21,15,2,all games,Pittsburgh Steelers vs. Minnesota Vikings December 18 2005
753,28-8,28,8,36,20,2,all games,Kansas City Chiefs vs. Oakland Raiders September 6 1998
754,45-42,45,42,87,3,2,all games,Arizona Cardinals vs. Washington Redskins November 22 1998
755,46-21,46,21,67,25,2,all games,Dallas Cowboys vs. St. Louis Cardinals November 23 1967
756,43-21,43,21,64,22,2,all games,New England Patriots vs. Denver Broncos November 2 2014
757,11-3,11,3,14,8,2,all games,Minnesota Vikings vs. Green Bay Packers September 30 1973
758,52-24,52,24,76,28,2,all games,Pittsburgh Steelers vs. San Diego Chargers November 25 1984
759,32-24,32,24,56,8,2,all games,Philadelphia Eagles vs. Minnesota Vikings October 15 1990
760,52-7,52,7,59,45,2,all games,New England Patriots vs. Washington Redskins October 28 2007
761,40-38,40,38,78,2,2,all games,Los Angeles Raiders vs. Dallas Cowboys October 23 1983
762,39-3,39,3,42,36,2,all games,San Diego Chargers vs. New York Jets October 14 1990
763,17-5,17,5,22,12,2,all games,Philadelphia Eagles vs. Phoenix Cardinals October 15 1989
764,9-5,9,5,14,4,2,all games,Indianapolis Colts vs. New York Jets November 11 1984
765,13-11,13,11,24,2,2,all games,Detroit Lions vs. Philadelphia Eagles November 16 1986
766,47-41,47,41,88,6,2,all games,Buffalo Bills vs. Houston Oilers September 24 1989
767,36-24,36,24,60,12,2,all games,Green Bay Packers vs. Los Angeles Rams September 9 1990
768,49-20,49,20,69,29,2,all games,Philadelphia Eagles vs. Oakland Raiders November 3 2013
769,44-30,44,30,74,14,2,all games,Cincinnati Bengals vs. San Francisco 49ers December 5 1999
770,33-32,33,32,65,1,2,all games,Atlanta Falcons vs. Green Bay Packers October 30 2016
771,45-29,45,29,74,16,2,all games,St. Louis Rams vs. Atlanta Falcons October 15 2000
772,38-22,38,22,60,16,2,all games,Carolina Panthers vs. San Francisco 49ers September 10 2000
773,51-23,51,23,74,28,2,all games,New England Patriots vs. Chicago Bears October 26 2014
774,33-26,33,26,59,7,2,all games,Minnesota Vikings vs. Washington Redskins December 24 2011
775,41-36,41,36,77,5,2,all games,Seattle Seahawks vs. New Orleans Saints January 8 2011
776,29-15,29,15,44,14,2,all games,New York Jets vs. Indianapolis Colts December 27 2009
777,48-30,48,30,78,18,2,all games,Minnesota Vikings vs. Philadelphia Eagles December 15 2013
778,43-27,43,27,70,16,1,all games,New Orleans Saints vs. Washington Redskins October 13 2002
779,49-10,49,10,59,39,1,all games,Kansas City Chiefs vs. St. Louis Rams December 8 2002
780,24-5,24,5,29,19,1,all games,Houston Texans vs. Chicago Bears December 19 2004
781,42-29,42,29,71,13,1,all games,Cincinnati Bengals vs. Baltimore Ravens November 27 2005
782,26-11,26,11,37,15,1,all games,New York Jets vs. Houston Texans November 26 2006
783,49-41,49,41,90,8,1,all games,San Diego Chargers vs. Cincinnati Bengals November 12 2006
784,33-15,33,15,48,18,1,all games,New York Giants vs. San Francisco 49ers October 21 2007
785,51-29,51,29,80,22,1,all games,New Orleans Saints vs. Green Bay Packers November 24 2008
786,39-23,39,23,62,16,1,all games,Oakland Raiders vs. Denver Broncos December 19 2010
787,59-28,59,28,87,31,1,all games,Philadelphia Eagles vs. Washington Redskins November 15 2010
788,49-23,49,23,72,26,1,all games,Green Bay Packers vs. Denver Broncos October 2 2011
789,52-27,52,27,79,25,1,all games,New York Giants vs. New Orleans Saints December 9 2012
790,43-22,43,22,65,21,1,all games,New England Patriots vs. Indianapolis Colts January 11 2014
791,39-33,39,33,72,6,1,all games,Indianapolis Colts vs. Denver Broncos October 20 2013
792,51-28,51,28,79,23,1,all games,Denver Broncos vs. Tennessee Titans December 8 2013
793,54-11,54,11,65,43,1,all games,Philadelphia Eagles vs. Chicago Bears December 22 2013
794,53-20,53,20,73,33,1,all games,Green Bay Packers vs. Philadelphia Eagles November 16 2014
795,43-18,43,18,61,25,1,all games,Pittsburgh Steelers vs. San Francisco 49ers September 20 2015
796,46-27,46,27,73,19,1,all games,Carolina Panthers vs. San Francisco 49ers September 18 2016
797,48-33,48,33,81,15,1,all games,Atlanta Falcons vs. Carolina Panthers October 2 2016
798,43-6,43,6,49,37,1,all games,Green Bay Packers vs. Evansville Crimson Giants November 6 1921
799,53-10,53,10,63,43,1,all games,Cleveland Bulldogs vs. Milwaukee Badgers November 27 1924
800,19-8,19,8,27,11,1,all games,New York Yankees vs. Buffalo Bisons October 12 1927
801,19-19,19,19,38,0,1,all games,New York Giants vs. Detroit Wolverines November 11 1928
802,52-37,52,37,89,15,1,all games,Los Angeles Rams vs. New York Giants November 14 1948
803,55-13,55,13,68,42,1,all games,Chicago Cardinals vs. Baltimore Colts October 2 1950
804,42-38,42,38,80,4,1,all games,Los Angeles Rams vs. Chicago Bears October 24 1954
805,62-3,62,3,65,59,1,all games,Cleveland Browns vs. Washington Redskins November 7 1954
806,51-38,51,38,89,13,1,all games,Baltimore Colts vs. Chicago Bears October 4 1958
807,48-35,48,35,83,13,1,all games,Los Angeles Rams vs. Detroit Lions October 30 1960
808,22-12,22,12,34,10,1,all games,Buffalo Bills vs. Houston Oilers October 8 1961
809,59-7,59,7,66,52,1,all games,Kansas City Chiefs vs. Denver Broncos September 7 1963
810,72-41,72,41,113,31,1,all games,Washington Redskins vs. New York Giants November 27 1966
811,47-28,47,28,75,19,1,all games,Pittsburgh Steelers vs. New York Giants December 11 1966
812,41-32,41,32,73,9,1,all games,Miami Dolphins vs. Boston Patriots December 17 1967
813,44-22,44,22,66,22,1,all games,Oakland Raiders vs. Kansas City Chiefs November 23 1967
814,59-13,59,13,72,46,1,all games,Dallas Cowboys vs. Detroit Lions September 15 1968
815,47-31,47,31,78,16,1,all games,New York Jets vs. Boston Patriots September 22 1968
816,48-31,48,31,79,17,1,all games,Atlanta Falcons vs. Chicago Bears November 16 1969
817,42-40,42,40,82,2,1,all games,New York Giants vs. Green Bay Packers September 19 1971
818,46-6,46,6,52,40,1,all games,Atlanta Falcons vs. Chicago Bears October 14 1973
819,24-8,24,8,32,16,1,all games,Houston Oilers vs. Detroit Lions October 26 1975
820,46-13,46,13,59,33,1,all games,Miami Dolphins vs. Chicago Bears November 2 1975
821,40-9,40,9,49,31,1,all games,Minnesota Vikings vs. New Orleans Saints September 12 1976
822,46-3,46,3,49,43,1,all games,Denver Broncos vs. New York Jets September 19 1976
823,49-16,49,16,65,33,1,all games,Oakland Raiders vs. Tampa Bay Buccaneers November 28 1976
824,51-35,51,35,86,16,1,all games,Pittsburgh Steelers vs. Cleveland Browns October 7 1979
825,40-30,40,30,70,10,1,all games,St. Louis Cardinals vs. Washington Redskins September 20 1981
826,48-47,48,47,95,1,1,all games,Green Bay Packers vs. Washington Redskins October 17 1983
827,39-21,39,21,60,18,1,all games,Pittsburgh Steelers vs. Denver Broncos October 23 1988
828,43-3,43,3,46,40,1,all games,Minnesota Vikings vs. Dallas Cowboys November 13 1988
829,32-23,32,23,55,9,1,all games,Philadelphia Eagles vs. Houston Oilers October 2 1988
830,58-14,58,14,72,44,1,all games,Houston Oilers vs. Cleveland Browns December 9 1990
831,32-30,32,30,62,2,1,all games,Philadelphia Eagles vs. Cleveland Browns November 10 1991
832,21-8,21,8,29,13,1,all games,San Francisco 49ers vs. Cincinnati Bengals December 5 1993
833,40-8,40,8,48,32,1,all games,Philadelphia Eagles vs. San Francisco 49ers October 2 1994
834,46-38,46,38,84,8,1,all games,New England Patriots vs. Baltimore Ravens October 6 1996
835,28-11,28,11,39,17,1,all games,San Francisco 49ers vs. St. Louis Rams October 6 1996
836,24-11,24,11,35,13,1,all games,Jacksonville Jaguars vs. Cincinnati Bengals November 8 1998
837,46-36,46,36,82,10,1,all games,Minnesota Vikings vs. Dallas Cowboys November 26 1998
838,47-36,47,36,83,11,1,all games,Tennessee Titans vs. Pittsburgh Steelers January 2 2000
839,27-18,27,18,45,9,1,all games,Buffalo Bills vs. Green Bay Packers September 10 2000
840,39-27,39,27,66,12,1,all games,Baltimore Ravens vs. Indianapolis Colts December 2 2001
841,40-39,40,39,79,1,1,all games,Kansas City Chiefs vs. Cleveland Browns September 8 2002
842,38-5,38,5,43,33,1,all games,Kansas City Chiefs vs. Buffalo Bills October 26 2003
843,58-48,58,48,106,10,1,all games,Cincinnati Bengals vs. Cleveland Browns November 28 2004
844,49-38,49,38,87,11,1,all games,Kansas City Chiefs vs. Tennessee Titans December 13 2004
845,40-35,40,35,75,5,1,all games,Oakland Raiders vs. Tennessee Titans December 19 2004
846,37-12,37,12,49,25,1,all games,Seattle Seahawks vs. Arizona Cardinals September 25 2005
847,54-31,54,31,85,23,1,all games,Buffalo Bills vs. Kansas City Chiefs November 23 2008
848,48-29,48,29,77,19,1,all games,San Diego Chargers vs. New York Jets September 22 2008
849,36-26,36,26,62,10,1,all games,Jacksonville Jaguars vs. Buffalo Bills October 10 2010
850,36-18,36,18,54,18,1,all games,Seattle Seahawks vs. Arizona Cardinals November 14 2010
851,13-8,13,8,21,5,1,all games,San Francisco 49ers vs. Cincinnati Bengals September 25 2011
852,51-20,51,20,71,31,1,all games,Chicago Bears vs. Tennessee Titans November 4 2012
853,49-9,49,9,58,40,1,all games,Cincinnati Bengals vs. New York Jets October 27 2013
854,28-2,28,2,30,26,1,all games,Kansas City Chiefs vs. Jacksonville Jaguars September 8 2013
855,55-31,55,31,86,24,1,all games,New England Patriots vs. Pittsburgh Steelers November 3 2013
856,42-39,42,39,81,3,1,all games,Tennessee Titans vs. Jacksonville Jaguars December 6 2015
857,41-25,41,25,66,16,1,all games,New England Patriots vs. Buffalo Bills October 30 2016
858,55-10,55,10,65,45,1,all games,San Francisco 49ers vs. Denver Broncos January 28 1990
859,10-4,10,4,14,6,1,all games,Racine Legion vs. Chicago Cardinals November 25 1923
860,9-2,9,2,11,7,1,all games,Green Bay Packers vs. Chicago Cardinals October 6 1929
861,49-25,49,25,74,24,1,all games,Philadelphia Eagles vs. Boston Yanks October 6 1946
862,59-21,59,21,80,38,1,all games,Washington Redskins vs. Boston Yanks October 31 1948
863,63-35,63,35,98,28,1,all games,Chicago Cardinals vs. New York Giants October 17 1948
864,56-28,56,28,84,28,1,all games,San Francisco 49ers vs. Cleveland Browns October 9 1949
865,70-27,70,27,97,43,1,all games,Los Angeles Rams vs. Baltimore Colts October 22 1950
866,65-24,65,24,89,41,1,all games,Los Angeles Rams vs. Detroit Lions October 29 1950
867,55-27,55,27,82,28,1,all games,Pittsburgh Steelers vs. Cleveland Browns October 17 1954
868,58-27,58,27,85,31,1,all games,Chicago Bears vs. Baltimore Colts October 21 1956
869,38-38,38,38,76,0,1,all games,Denver Broncos vs. Buffalo Bills November 27 1960
870,43-11,43,11,54,32,1,all games,Dallas Texans vs. Oakland Raiders November 26 1961
871,46-45,46,45,91,1,1,all games,New York Titans vs. Denver Broncos November 22 1962
872,46-28,46,28,74,18,1,all games,Boston Patriots vs. Houston Oilers December 8 1963
873,33-33,33,33,66,0,1,all games,Cleveland Browns vs. St. Louis Cardinals September 20 1964
874,58-24,58,24,82,34,1,all games,Buffalo Bills vs. Miami Dolphins September 18 1966
875,49-40,49,40,89,9,1,all games,Cleveland Browns vs. New York Giants December 4 1966
876,57-33,57,33,90,24,1,all games,Pittsburgh Steelers vs. Atlanta Falcons December 18 1966
877,42-18,42,18,60,24,1,all games,Kansas City Chiefs vs. New York Jets November 5 1967
878,43-32,43,32,75,11,1,all games,Oakland Raiders vs. New York Jets November 17 1968
879,42-22,42,22,64,20,1,all games,Kansas City Chiefs vs. Cincinnati Bengals October 26 1969
880,54-13,54,13,67,41,1,all games,Minnesota Vikings vs. Dallas Cowboys October 18 1970
881,37-2,37,2,39,35,1,all games,San Francisco 49ers vs. New Orleans Saints October 1 1972
882,33-9,33,9,42,24,1,all games,Washington Redskins vs. San Francisco 49ers November 11 1973
883,52-19,52,19,71,33,1,all games,Baltimore Colts vs. New York Jets November 16 1975
884,32-27,32,27,59,5,1,all games,Green Bay Packers vs. New Orleans Saints November 7 1976
885,50-19,50,19,69,31,1,all games,Oakland Raiders vs. Atlanta Falcons October 14 1979
886,39-24,39,24,63,15,1,all games,Miami Dolphins vs. New England Patriots November 29 1979
887,45-22,45,22,67,23,1,all games,Oakland Raiders vs. San Diego Chargers October 25 1979
888,11-0,11,0,11,11,1,all games,Detroit Lions vs. Tampa Bay Buccaneers September 4 1983
889,50-24,50,24,74,26,1,all games,Cincinnati Bengals vs. Dallas Cowboys December 8 1985
890,55-23,55,23,78,32,1,all games,Indianapolis Colts vs. Denver Broncos October 31 1988
891,40-27,40,27,67,13,1,all games,Detroit Lions vs. Denver Broncos November 22 1990
892,52-34,52,34,86,18,1,all games,Buffalo Bills vs. Pittsburgh Steelers September 8 1991
893,55-17,55,17,72,38,1,all games,San Francisco 49ers vs. Detroit Lions December 19 1993
894,11-8,11,8,19,3,1,all games,Cleveland Browns vs. Houston Oilers October 13 1994
895,59-16,59,16,75,43,1,all games,St. Louis Rams vs. Atlanta Falcons November 10 1996
896,34-8,34,8,42,26,1,all games,Denver Broncos vs. New England Patriots November 17 1996
897,36-27,36,27,63,9,1,all games,Miami Dolphins vs. New York Jets September 15 1996
898,45-33,45,33,78,12,1,all games,Buffalo Bills vs. New Orleans Saints December 27 1998
899,19-5,19,5,24,14,1,all games,Tampa Bay Buccaneers vs. Philadelphia Eagles September 19 1999
900,54-34,54,34,88,20,1,all games,Kansas City Chiefs vs. St. Louis Rams October 22 2000
901,40-18,40,18,58,22,1,all games,Philadelphia Eagles vs. Dallas Cowboys September 30 2001
902,45-39,45,39,84,6,1,all games,Buffalo Bills vs. Minnesota Vikings September 15 2002
903,22-8,22,8,30,14,1,all games,Denver Broncos vs. Oakland Raiders November 30 2003
904,26-12,26,12,38,14,1,all games,Detroit Lions vs. Arizona Cardinals December 5 2004
905,40-22,40,22,62,18,1,all games,New England Patriots vs. St. Louis Rams November 7 2004
906,44-11,44,11,55,33,1,all games,Carolina Panthers vs. Atlanta Falcons January 1 2006
907,52-3,52,3,55,49,1,all games,Green Bay Packers vs. New Orleans Saints October 9 2005
908,42-30,42,30,72,12,1,all games,Seattle Seahawks vs. New York Giants September 24 2006
909,49-11,49,11,60,38,1,all games,Jacksonville Jaguars vs. Oakland Raiders December 23 2007
910,56-35,56,35,91,21,1,all games,New York Jets vs. Arizona Cardinals September 28 2008
911,23-11,23,11,34,12,1,all games,Philadelphia Eagles vs. New York Giants January 11 2009
912,40-26,40,26,66,14,1,all games,Philadelphia Eagles vs. San Francisco 49ers October 12 2008
913,46-34,46,34,80,12,1,all games,New Orleans Saints vs. Miami Dolphins October 25 2009
914,49-29,49,29,78,20,1,all games,Denver Broncos vs. Kansas City Chiefs November 14 2010
915,36-25,36,25,61,11,1,all games,Seattle Seahawks vs. New York Giants October 9 2011
916,36-32,36,32,68,4,1,all games,San Francisco 49ers vs. New Orleans Saints January 14 2012
917,56-31,56,31,87,25,1,all games,Kansas City Chiefs vs. Oakland Raiders December 15 2013
918,45-44,45,44,89,1,1,all games,Indianapolis Colts vs. Kansas City Chiefs January 4 2014
919,40-11,40,11,51,29,1,all games,Arizona Cardinals vs. Indianapolis Colts November 24 2013
920,36-16,36,16,52,20,1,all games,Seattle Seahawks vs. Green Bay Packers September 4 2014
921,37-37,37,37,74,0,1,all games,Cincinnati Bengals vs. Carolina Panthers October 12 2014
922,51-16,51,16,67,35,1,all games,Jacksonville Jaguars vs. Indianapolis Colts December 13 2015
923,37-18,37,18,55,19,1,all games,Seattle Seahawks vs. San Francisco 49ers September 25 2016
924,39-20,39,20,59,19,1,all games,New York Giants vs. Denver Broncos January 25 1987
925,62-0,62,0,62,62,1,all games,Akron Pros vs. Oorang Indians October 29 1922
926,17-8,17,8,25,9,1,all games,Milwaukee Badgers vs. Chicago Cardinals November 2 1924
927,5-3,5,3,8,2,1,all games,Frankford Yellow Jackets vs. New York Giants October 17 1925
928,21-2,21,2,23,19,1,all games,Providence Steam Roller vs. Canton Bulldogs November 11 1926
929,10-2,10,2,12,8,1,all games,Duluth Eskimos vs. Canton Bulldogs November 21 1926
930,54-0,54,0,54,54,1,all games,Frankford Yellow Jackets vs. Buffalo Bisons October 15 1927
931,8-6,8,6,14,2,1,all games,Boston Braves vs. Chicago Cardinals November 27 1932
932,64-0,64,0,64,64,1,all games,Philadelphia Eagles vs. Cincinnati Reds November 6 1934
933,7-5,7,5,12,2,1,all games,Washington Redskins vs. Detroit Lions October 16 1938
934,50-7,50,7,57,43,1,all games,Green Bay Packers vs. Detroit Lions November 24 1940
935,57-21,57,21,78,36,1,all games,Green Bay Packers vs. Detroit Lions October 7 1945
936,66-14,66,14,80,52,1,all games,Cleveland Browns vs. Brooklyn Dodgers December 8 1946
937,63-40,63,40,103,23,1,all games,San Francisco 49ers vs. Brooklyn Dodgers November 21 1948
938,61-14,61,14,75,47,1,all games,Cleveland Browns vs. Los Angeles Dons October 14 1949
939,65-20,65,20,85,45,1,all games,Chicago Cardinals vs. New York Bulldogs November 13 1949
940,45-2,45,2,47,43,1,all games,Los Angeles Rams vs. Baltimore Colts December 5 1953
941,27-2,27,2,29,25,1,all games,Pittsburgh Steelers vs. Chicago Cardinals December 22 1957
942,45-26,45,26,71,19,1,all games,Baltimore Colts vs. Los Angeles Rams December 12 1959
943,48-34,48,34,82,14,1,all games,Cleveland Browns vs. New York Giants December 18 1960
944,45-25,45,25,70,20,1,all games,Houston Oilers vs. Denver Broncos November 6 1960
945,49-39,49,39,88,10,1,all games,Kansas City Chiefs vs. Denver Broncos November 1 1964
946,52-13,52,13,65,39,1,all games,New York Jets vs. Houston Oilers September 18 1966
947,38-29,38,29,67,9,1,all games,Oakland Raiders vs. New York Jets December 17 1967
948,47-23,47,23,70,24,1,all games,San Diego Chargers vs. Denver Broncos December 1 1968
949,43-38,43,38,81,5,1,all games,New Orleans Saints vs. San Francisco 49ers November 23 1969
950,61-17,61,17,78,44,1,all games,Cincinnati Bengals vs. Houston Oilers December 17 1972
951,62-10,62,10,72,52,1,all games,New York Giants vs. Philadelphia Eagles November 26 1972
952,41-26,41,26,67,15,1,all games,Oakland Raiders vs. New England Patriots December 1 1974
953,32-9,32,9,41,23,1,all games,Pittsburgh Steelers vs. Houston Oilers November 24 1975
954,47-24,47,24,71,23,1,all games,Seattle Seahawks vs. Cleveland Browns December 3 1978
955,34-5,34,5,39,29,1,all games,Pittsburgh Steelers vs. Houston Oilers January 7 1979
956,46-31,46,31,77,15,1,all games,Buffalo Bills vs. New York Jets September 23 1979
957,44-37,44,37,81,7,1,all games,Los Angeles Raiders vs. San Diego Chargers October 21 1984
958,43-10,43,10,53,33,1,all games,Green Bay Packers vs. Detroit Lions October 6 1985
959,44-40,44,40,84,4,1,all games,Green Bay Packers vs. Detroit Lions November 27 1986
960,47-6,47,6,53,41,1,all games,Indianapolis Colts vs. Buffalo Bills October 4 1987
961,38-12,38,12,50,26,1,all games,Washington Redskins vs. New York Giants October 11 1987
962,17-11,17,11,28,6,1,all games,Denver Broncos vs. Kansas City Chiefs November 6 1988
963,36-19,36,19,55,17,1,all games,Cincinnati Bengals vs. New York Jets October 9 1988
964,8-5,8,5,13,3,1,all games,Atlanta Falcons vs. Los Angeles Rams October 2 1994
965,58-37,58,37,95,21,1,all games,Philadelphia Eagles vs. Detroit Lions December 30 1995
966,47-30,47,30,77,17,1,all games,Seattle Seahawks vs. Jacksonville Jaguars November 12 1995
967,39-13,39,13,52,26,1,all games,Green Bay Packers vs. Philadelphia Eagles September 9 1996
968,44-42,44,42,86,2,1,all games,Philadelphia Eagles vs. Cincinnati Bengals November 30 1997
969,34-11,34,11,45,23,1,all games,Buffalo Bills vs. Indianapolis Colts November 22 1998
970,50-10,50,10,60,40,1,all games,Minnesota Vikings vs. Jacksonville Jaguars December 20 1998
971,11-6,11,6,17,5,1,all games,St. Louis Rams vs. Tampa Bay Buccaneers January 23 2000
972,57-31,57,31,88,26,1,all games,St. Louis Rams vs. San Diego Chargers October 1 2000
973,42-36,42,36,78,6,1,all games,New York Jets vs. Buffalo Bills October 7 2001
974,36-15,36,15,51,21,1,all games,Atlanta Falcons vs. Detroit Lions December 22 2002
975,52-25,52,25,77,27,1,all games,Oakland Raiders vs. Tennessee Titans September 29 2002
976,43-39,43,39,82,4,1,all games,Dallas Cowboys vs. Seattle Seahawks December 6 2004
977,42-15,42,15,57,27,1,all games,New England Patriots vs. Cleveland Browns December 5 2004
978,45-23,45,23,68,22,1,all games,San Diego Chargers vs. New York Giants September 25 2005
979,48-25,48,25,73,23,1,all games,Green Bay Packers vs. Detroit Lions September 14 2008
980,47-3,47,3,50,44,1,all games,New York Jets vs. St. Louis Rams November 9 2008
981,11-10,11,10,21,1,1,all games,Pittsburgh Steelers vs. San Diego Chargers November 16 2008
982,46-16,46,16,62,30,1,all games,Green Bay Packers vs. Oakland Raiders December 11 2011
983,49-19,49,19,68,30,1,all games,New England Patriots vs. New York Jets November 22 2012
984,59-24,59,24,83,35,1,all games,New England Patriots vs. Indianapolis Colts November 18 2012
985,35-11,35,11,46,24,1,all games,San Francisco 49ers vs. St. Louis Rams September 26 2013
986,26-26,26,26,52,0,1,all games,Green Bay Packers vs. Minnesota Vikings November 24 2013
987,43-8,43,8,51,35,1,all games,Seattle Seahawks vs. Denver Broncos February 2 2014
988,51-34,51,34,85,17,1,all games,Pittsburgh Steelers vs. Indianapolis Colts October 26 2014
989,39-30,39,30,69,9,1,all games,Seattle Seahawks vs. Pittsburgh Steelers November 29 2015
990,49-15,49,15,64,34,1,all games,Carolina Panthers vs. Arizona Cardinals January 24 2016
991,45-32,45,32,77,13,1,all games,Atlanta Falcons vs. New Orleans Saints September 26 2016
992,66-0,66,0,66,66,1,all games,Rochester Jeffersons vs. Fort Porter  October 10 1920
993,20-2,20,2,22,18,1,all games,Chicago Bears vs. Cleveland Rams October 10 1937
994,73-0,73,0,73,73,1,all games,Chicago Bears vs. Washington Redskins December 8 1940
995,54-7,54,7,61,47,1,all games,Green Bay Packers vs. Pittsburgh Steelers November 23 1941
996,35-2,35,2,37,33,1,all games,Cleveland Browns vs. Chicago Hornets November 6 1949
997,53-27,53,27,80,26,1,all games,Los Angeles Rams vs. Washington Redskins December 11 1949
998,8-3,8,3,11,5,1,all games,Cleveland Browns vs. New York Giants December 17 1950
999,54-14,54,14,68,40,1,all games,Los Angeles Rams vs. New York Yanks September 28 1951
1000,63-7,63,7,70,56,1,all games,Pittsburgh Steelers vs. New York Giants November 30 1952
1001,53-14,53,14,67,39,1,all games,Chicago Cardinals vs. Chicago Bears November 27 1955
1002,50-43,50,43,93,7,1,all games,Los Angeles Chargers vs. New York Titans December 18 1960
1003,47-16,47,16,63,31,1,all games,Houston Oilers vs. Oakland Raiders December 17 1961
1004,33-29,33,29,62,4,1,all games,Boston Patriots vs. Denver Broncos November 11 1962
1005,49-34,49,34,83,15,1,all games,New York Giants vs. Washington Redskins October 28 1962
1006,43-43,43,43,86,0,1,all games,Boston Patriots vs. Oakland Raiders October 16 1964
1007,61-20,61,20,81,41,1,all games,Chicago Bears vs. San Francisco 49ers December 12 1965
1008,34-2,34,2,36,32,1,all games,Kansas City Chiefs vs. Denver Broncos September 22 1968
1009,48-6,48,6,54,42,1,all games,Oakland Raiders vs. Buffalo Bills September 15 1968
1010,51-42,51,42,93,9,1,all games,New Orleans Saints vs. St. Louis Cardinals November 2 1969
1011,41-30,41,30,71,11,1,all games,Los Angeles Rams vs. San Francisco 49ers November 9 1969
1012,49-33,49,33,82,16,1,all games,Houston Oilers vs. San Diego Chargers December 19 1971
1013,10-8,10,8,18,2,1,all games,Baltimore Colts vs. New York Jets October 7 1979
1014,41-29,41,29,70,12,1,all games,New York Jets vs. San Diego Chargers September 4 1983
1015,46-14,46,14,60,32,1,all games,Los Angeles Rams vs. St. Louis Cardinals December 15 1985
1016,54-44,54,44,98,10,1,all games,San Diego Chargers vs. Pittsburgh Steelers December 8 1985
1017,62-28,62,28,90,34,1,all games,New York Jets vs. Tampa Bay Buccaneers November 17 1985
1018,50-28,50,28,78,22,1,all games,San Diego Chargers vs. Miami Dolphins September 7 1986
1019,10-5,10,5,15,5,1,all games,Tampa Bay Buccaneers vs. Buffalo Bills December 4 1988
1020,56-23,56,23,79,33,1,all games,Cincinnati Bengals vs. Tampa Bay Buccaneers October 29 1989
1021,39-34,39,34,73,5,1,all games,Atlanta Falcons vs. San Francisco 49ers October 13 1991
1022,44-3,44,3,47,41,1,all games,San Francisco 49ers vs. New York Giants January 15 1994
1023,44-15,44,15,59,29,1,all games,San Francisco 49ers vs. Chicago Bears January 7 1995
1024,30-11,30,11,41,19,1,all games,Dallas Cowboys vs. Philadelphia Eagles January 7 1996
1025,16-8,16,8,24,8,1,all games,New York Giants vs. Arizona Cardinals November 3 1996
1026,40-15,40,15,55,25,1,all games,Dallas Cowboys vs. Minnesota Vikings December 28 1996
1027,22-15,22,15,37,7,1,all games,Seattle Seahawks vs. Miami Dolphins October 6 1996
1028,43-12,43,12,55,31,1,all games,St. Louis Rams vs. New Orleans Saints November 28 1999
1029,40-29,40,29,69,11,1,all games,St. Louis Rams vs. Minnesota Vikings December 10 2000
1030,42-26,42,26,68,16,1,all games,Indianapolis Colts vs. Buffalo Bills September 23 2001
1031,36-3,36,3,39,33,1,all games,Philadelphia Eagles vs. Dallas Cowboys November 18 2001
